boone_forestpercentcoverAB.asc
ncols         25
nrows         42
xllcorner     537211.2825
yllcorner     4277466.289
cellsize      1590
NODATA_value  -9999
0 0 0 0 0 0 0 0.7775009 0.5685297 0.4482022 0.503382 0.4631541 0.1644713 0.00498398 0 0 0.01281595 0 0.01103596 0.02705589 0.0003559986 0.001779993 0.006407974 0.002847989 0.01673193 
0 0 0 0 0 0 0 0.5966536 0.3837665 0.2623709 0.4827341 0.496974 0.4770381 0.06550374 0.005339979 0.01601994 0.02812389 0 0 0.006051976 0.00747597 0 0.01744393 0.001779993 0.008899964 
0 0 0 0 0 0 0.9049484 0.5656818 0.500178 0.7184051 0.4645782 0.4271983 0.509078 0.06479174 0.01103596 0.02171591 0 0.006051976 0 0.001779993 0 0 0.007831968 0.005695977 0.01032396 
0 0 0 0 0 0 0.751869 0.3695265 0.49911 0.5681737 0.6240655 0.4286223 0.5646138 0.2057672 0.07974368 0.07760769 0.1164115 0.2904948 0.2278391 0.3314347 0.2022072 0.09113564 0.04165183 0.003203987 0.03880385 
0 0 0 0 0 0 0.5941616 0.5660377 0.3702385 0.4852261 0.50267 0.5315059 0.6037736 0.2135991 0.3997864 0.4417942 0.5418298 0.8259167 0.6603774 0.6016376 0.6329654 0.504806 0.1858313 0.0498398 0.0249199 
0 0 0 0 0 0.8341047 0.5774297 0.3453186 0.488786 0.6521894 0.6030616 0.5923817 0.2936988 0.4674261 0.3428266 0.4524742 0.4069064 0.5955856 0.6351014 0.6585974 0.6116055 0.5368459 0.4741901 0.02278391 0.04521182 
0 0 0 0 0 0.3524386 0.6881452 0.6062656 0.5621217 0.7191171 0.6696333 0.4328943 0.4108224 0.5909576 0.5211819 0.745461 0.509434 0.5254539 0.511214 0.7084371 0.3563546 0.2018512 0.4524742 0.08401567 0.005339979 
0 0 0 0 0.1908152 0.1936632 0.7888929 0.8533286 0.3937344 0.5710217 0.7678889 0.5624778 0.5322179 0.7842649 0.6959772 0.4393022 0.1587754 0.2705589 0.1434674 0.2669989 0.1840513 0.09291563 0.4759701 0.03844785 0.02135991 
0 0 0 0 0.3834105 0.1854753 0.5354218 0.8939124 0.3915984 0.750445 0.6468494 0.7732289 0.2951228 0.5087219 0.0751157 0.1740833 0.2160911 0.1064436 0.09576362 0.06728373 0.09576362 0.1014596 0.257743 0.01744393 0 
0 0 0 0 0.4218583 0.2673549 0.3759345 0.754361 0.6774653 0.7739409 0.7063012 0.5770737 0.4702741 0.2203631 0.242791 0.004271983 0.1562834 0.1662513 0.1103596 0.1623354 0.254539 0.1103596 0.1448914 0.01210395 0.00249199 
0 0 0 0.3510146 0.4026344 0.249555 0.3584906 0.5966536 0.4524742 0.6254895 0.8362406 0.4328943 0.7846209 0.745105 0.5226059 0.252759 0.05553578 0.06621574 0.1171235 0.3862585 0.239587 0.3136348 0.05873977 0.00747597 0.06372374 
0 0 0 0.4571022 0.3830545 0.3919544 0.1751513 0.1847633 0.512282 0.5703097 0.4289783 0.6671413 0.4578142 0.751513 0.8077608 0.7849768 0.3798505 0.2196511 0.3663225 0.4766821 0.514774 0.3093628 0.07119972 0.2232111 0.2346031 
0 0 0.2669989 0.4261303 0.1783553 0.2830189 0.2865789 0.4389462 0.4770381 0.49199 0.8960484 0.4175863 0.4058384 0.4706301 0.6678534 0.8034888 0.504094 0.2207191 0.3332147 0.4631541 0.8141688 0.4250623 0.2613029 0.3292987 0.2317551 
0 0 0.5389819 0.2007832 0.1573514 0.3143467 0.3531506 0.263083 0.2370951 0.4738341 0.5161979 0.4339623 0.499822 0.4004984 0.8013528 0.7301531 0.6952652 0.3435386 0.3802065 0.4553222 0.7607689 0.510146 0.4090424 0.3965824 0 
0 0 0.3958704 0.1110716 0.09077964 0.3666785 0.3381987 0.4727661 0.2370951 0.5364898 0.4086864 0.4738341 0.3681025 0.4606622 0.7661089 0.6966892 0.3168387 0.2730509 0.3812745 0.3203987 0.250979 0.1107156 0.1769313 0.5261659 0 
0 0.5841936 0.1812033 0.06870773 0.1192595 0.5653257 0.5140619 0.5998576 0.5945176 0.8608046 0.8604485 0.6625134 0.2794589 0.5407618 0.5610538 0.242435 0.2032752 0.2762549 0.6101816 0.6016376 0.3118547 0.08935564 0.2296191 0.3292987 0 
0 0.3933784 0.2207191 0.1310075 0.08365966 0.7055892 0.5439658 0.6247775 0.5307939 0.6877893 0.8608046 0.6432894 0.503026 0.3659665 0.1388394 0.3097188 0.3218227 0.259879 0.3609826 0.2997508 0.1242435 0.1648273 0.07404771 0.3659665 0 
0.4638661 0.5500178 0.5521538 0.3812745 0.05268779 0.3659665 0.5332859 0.6133856 0.7159131 0.4268423 0.4581702 0.5635458 0.3780705 0.1477394 0.09469562 0.1438234 0.5194019 0.5895336 0.4716981 0.2203631 0.05660377 0.2862228 0.09113564 0.4517622 0 
0.3527946 0.5962976 0.4161623 0.3360627 0.1409754 0.1933072 0.3844784 0.3090068 0.3289427 0.4489142 0.3268067 0.499822 0.3506586 0.2260591 0.247419 0.1740833 0.4752581 0.1819153 0.3908864 0.2046992 0.1189035 0.3211107 0.2940548 0 0 
0 0.5717337 0.3951584 0.5717337 0.4592382 0.505874 0.6756853 0.3638305 0.2221431 0.5617657 0.2894268 0.05909576 0.1281595 0.2118192 0.08721965 0.3246707 0.254183 0.2769669 0.3061588 0.3567106 0.2224991 0.3652546 0.6222855 0 0 
0 0 0.6667854 0.7027412 0.6276255 0.2947668 0.5898896 0.246351 0.243503 0.1730153 0.06835172 0 0 0 0.2086152 0.2164471 0.5222499 0.2249911 0.254895 0.1466714 0.1797793 0.4118904 0.5343539 0 0 
0 0 0 0.5863296 0.7080812 0.505874 0.505874 0.485938 0.1904592 0.1844073 0.242435 0.2641509 0.2673549 0.05909576 0.3620506 0.4638661 0.4489142 0.4492702 0.3438946 0.1961552 0.3951584 0.6749733 0.264863 0 0 
0 0 0 0 0.5955856 0.5396938 0.4325383 0.3933784 0.1452474 0.2331791 0.4321823 0.4254183 0.3449626 0.5970096 0.492702 0.4528302 0.502314 0.1922392 0.246351 0.2203631 0.2634389 0.2883588 0 0 0 
0 0 0 0 0 0.4115343 0.6600214 0.3285867 0.3969384 0.2381631 0.3317907 0.1473834 0.04877181 0.2680669 0.1641153 0.09540762 0.2331791 0.250623 0.2018512 0.1758633 0.1320755 0.3381987 0 0 0 
0 0 0 0 0 0.02349591 0.2712709 0.5610538 0.5752937 0.3887504 0.4642221 0.1822713 0.0505518 0.4286223 0.4457102 0.05945176 0.05731577 0.3798505 0.2061232 0.0263439 0.1267355 0.4652901 0.5329299 0 0 
0 0 0 0 0 0.02847989 0.02741189 0.6546814 0.4756141 0.2762549 0.512638 0.6696333 0.5368459 0.6066216 0.7205411 0.4271983 0.1456034 0.1826273 0.1908152 0.07155571 0.1972232 0.4172303 0.6158775 0 0 
0 0 0 0 0 0 0.03844785 0.50267 0.6201495 0.5386258 0.4425062 0.4311143 0.7052332 0.8056248 0.8159487 0.2367391 0.3748665 0.2730509 0.1196155 0.05873977 0.260591 0.4631541 0 0 0 
0 0 0 0 0 0 0 0.1103596 0.749377 0.5194019 0.5304379 0.5742257 0.6176575 0.3289427 0.2794589 0.7112852 0.4218583 0.3253827 0.1448914 0.1235315 0.257743 0.748665 0.6792453 0 0 
0 0 0 0 0 0 0 0.0263439 0.3243147 0.6187255 0.4061944 0.7661089 0.4140263 0.498398 0.6411535 0.9480242 0.6297615 0.1260235 0.1466714 0.06941972 0.6593094 0.8163047 0.7276611 0 0 
0 0 0 0 0 0 0 0 0.003203987 0.4300463 0.6183695 0.6924172 0.6902812 0.5998576 0.9199003 0.6824493 0.7344251 0.3716625 0.2061232 0.006051976 0.4289783 0.3478106 0.5948736 0 0 
0 0 0 0 0 0 0 0 0 0 0.5393378 0.735137 0.6375934 0.8294767 0.8622286 0.2061232 0.487718 0.4239943 0.2370951 0.00747597 0.06550374 0.244927 0.5585617 0 0 
0 0 0 0 0 0 0 0 0 0 0.245995 0.6536134 0.8497686 0.7376291 0.6867213 0.2741189 0.1146315 0.07262371 0.03844785 0.06621574 0.1317195 0.3745105 0.7992168 0 0 
0 0 0 0 0 0 0 0 0 0 0.2883588 0.8800285 0.755785 0.7379851 0.4300463 0.1908152 0.03559986 0.1377714 0.257743 0.3777145 0.5336419 0.7301531 0 0 0 
0 0 0 0 0 0 0 0 0 0.0256319 0.499822 0.8526166 0.6027056 0.6197935 0.2303311 0.1901032 0.04770381 0.3189747 0.242791 0.4254183 0.7237451 0.9017444 0 0 0 
0 0 0 0 0 0 0 0 0 0.01067996 0.2869349 0.755785 0.737273 0.4777501 0.5521538 0.6949092 0.263795 0.3506586 0.6425774 0.8006408 0.9466002 0 0 0 0 
0 0 0 0 0 0 0 0 0 0 0.03737985 0.6286935 0.7280171 0.8081168 0.8059808 0.8298327 0.4620861 0.4122463 0.8846565 0.8746885 0.9394802 0 0 0 0 
0 0 0 0 0 0 0 0 0 0 0 0 0.746173 0.8390886 0.6924172 0.739409 0.4460662 0.4339623 0.7764329 0.742613 0 0 0 0 0 
0 0 0 0 0 0 0 0 0 0 0 0 0 0.8373086 0.6347455 0.747241 0.7009612 0.5617657 0.8611606 0.7112852 0 0 0 0 0 
0 0 0 0 0 0 0 0 0 0 0 0 0.06941972 0.1278035 0.6034176 0.6717693 0.6596653 0.6034176 0.7992168 0 0 0 0 0 0 
0 0 0 0 0 0 0 0 0 0 0 0 0.01388394 0.0259879 0.06123175 0.5653257 0.6810253 0.6425774 0.751157 0 0 0 0 0 0 
0 0 0 0 0 0 0 0 0 0 0 0 0 0 0 0 0.5482378 0.6571734 0.6838732 0 0 0 0 0 0 
0 0 0 0 0 0 0 0 0 0 0 0 0 0 0 0 0 0.1655393 0.6924172 0 0 0 0 0 0 
