callaway_forestpercentcoverAB.asc
ncols         32
nrows         35
xllcorner     567306.2075
yllcorner     4268092.2792
cellsize      1590
NODATA_value  -9999
0 0 0 0 0 0.2079032 0.4200783 0.05945176 0.1762193 0.04521182 0.1242435 0.1762193 0.2004272 0.3335707 0.3972944 0.1000356 0.1103596 0.1552154 0.08935564 0.01708793 0.06443574 0.1046636 0 0.0245639 0.3097188 0.1456034 0.3399786 0.2940548 0.2007832 0.2235671 0.3381987 0.3506586 
0 0 0 0 0 0.1092916 0.0494838 0.08081168 0.2242791 0.1562834 0.2264151 0.2349591 0.1683873 0.1651833 0.4617302 0.3990744 0.1630473 0.1861873 0.04165183 0.005695977 0.01317195 0.01281595 0.001423994 0 0.008187967 0.4738341 0.5400499 0.5542898 0.3200427 0.2281951 0.1872552 0.3132787 
0 0 0 0 0 0.4143823 0.2164471 0.0744037 0.1391954 0.1381274 0.3809185 0.1071556 0.2200071 0.3549306 0.4453542 0.5329299 0.2798149 0.1559274 0.01673193 0 0 0.07013172 0.01103596 0.1014596 0.3499466 0.6034176 0.6329654 0.6521894 0.4517622 0.1751513 0.3332147 0.3944464 
0 0 0 0 0 0.2132431 0.0259879 0.001779993 0.08365966 0.3114988 0.2306871 0.4004984 0.1420434 0.3428266 0.4805981 0.5564258 0.6340334 0.0754717 0.01993592 0.06977572 0.06870773 0.2634389 0.04058384 0.2812389 0.3552866 0.7244571 0.49555 0.4229263 0.3809185 0.1854753 0.1619793 0.5258099 
0 0 0 0 0 0.3381987 0.02776789 0 0.1488074 0.1018156 0.01744393 0.03915984 0.3862585 0.4613742 0.7369171 0.6340334 0.6194375 0.3157707 0.1509434 0.1071556 0.2061232 0.2150231 0.508366 0.1370595 0.1224635 0.1655393 0.3773585 0.6019936 0.240655 0.1901032 0.5532218 0.3467426 
0 0 0 0 0.503026 0.3339267 0.1128515 0.001423994 0.03168387 0.04129583 0.01886792 0.03275187 0.0747597 0.07725169 0.2392311 0.6717693 0.8316126 0.2780349 0.5293699 0.2887149 0.2135991 0.6294055 0.7671769 0.4595942 0.4553222 0.2969028 0.5713777 0.6062656 0.6311855 0.5325739 0.5129939 0.5279459 
0 0 0 0 0.4403702 0.6030616 0.1320755 0.02029192 0.003559986 0.02705589 0.008543965 0.05767177 0.003203987 0.03417586 0.02135991 0.0758277 0.1537914 0.3182627 0.6404414 0.4809541 0.4805981 0.6885012 0.5475258 0.495906 0.3328587 0.4873621 0.5606977 0.8878605 0.7803489 0.4158063 0.4250623 0 
0 0 0 0 0.3406906 0.1399074 0.1630473 0.01886792 0.003915984 0.006407974 0.05660377 0.03239587 0.09718761 0.2214311 0.09683161 0.237451 0.06585974 0.03239587 0.08330367 0.2143111 0.5208259 0.7048772 0.1285155 0.51335 0.247419 0.3666785 0.2004272 0.745817 0.7871128 0.9045924 0.6600214 0 
0 0 0 0 0.2858669 0.1153435 0.08437166 0.09042364 0.1345675 0.0751157 0.2089712 0.1310075 0.2160911 0.50089 0.2096832 0.1904592 0.1747953 0.02029192 0.1164115 0.262727 0.4791741 0.1181915 0.0758277 0.3859025 0.3798505 0.07725169 0.05446778 0.3488786 0.6760413 0.9248843 0.9206123 0 
0 0 0 0 0.3214667 0.4795301 0.251335 0.3762905 0.3107868 0.4681381 0.2976148 0.4371662 0.3987184 0.3520826 0.2071912 0.4514062 0.3894624 0.488074 0.257387 0.1758633 0.5699537 0.6240655 0.8059808 0.5186899 0.2046992 0.07119972 0.08721965 0.005695977 0.1744393 0.4225703 0.3869705 0 
0 0 0 0.3317907 0.4375223 0.3663225 0.4360982 0.5927376 0.3453186 0.257031 0.5728017 0.3082948 0.4791741 0.6511214 0.4852261 0.1530794 0.4670701 0.5592738 0.5468138 0.2908508 0.3816305 0.8675686 0.5614098 0.6963332 0.8437166 0.03773585 0.01317195 0.02919188 0.0259879 0.2171591 0.4439302 0 
0 0 0 0 0.2143111 0.3499466 0.2858669 0.6603774 0.3923104 0.241011 0.3581346 0.3499466 0.3260947 0.09291563 0.738341 0.7023852 0.4197223 0.2164471 0.6393734 0.4168743 0.5870417 0.8020648 0.5272339 0.8643646 0.9291563 0.6913492 0.5660377 0.2969028 0.4638661 0.4777501 0.6500534 0 
0 0 0 0 0.4193663 0.3122107 0.3335707 0.6489854 0.7988608 0.3385547 0.4236383 0.1858313 0.4425062 0.2780349 0.1196155 0.2200071 0.3759345 0.4040584 0.6678534 0.5525098 0.5991456 0.3463866 0.7618369 0.6959772 0.8932004 0.8045568 0.6493414 0.3670345 0.6952652 0.6991812 0.6642933 0 
0 0 0 0.5660377 0.5585617 0.1968672 0.5909576 0.6493414 0.3196867 0.2324671 0.5923817 0.2281951 0.3307227 0.3257387 0.1865433 0.253827 0.3292987 0.5190459 0.5379139 0.6991812 0.7041652 0.6959772 0.7974368 0.4845141 0.7931648 0.9263083 0.740833 0.6817372 0.490922 0.4645782 0.255607 0 
0 0 0 0 0.5806337 0.4033464 0.3983624 0.4620861 0.3389106 0.3353507 0.49911 0.1833393 0.1498754 0.260947 0.2267711 0.1203275 0.2289071 0.6628693 0.7030972 0.8746885 0.2370951 0.6771093 0.8643646 0.6489854 0.9127803 0.8362406 0.8415806 0.7070132 0.501246 0.9181203 0.7810609 0 
0 0 0 0 0.7928088 0.4339623 0.2200071 0.6215735 0.3969384 0.4257743 0.5272339 0.3495906 0.03203987 0.1929512 0.254183 0.3595586 0.3203987 0.4033464 0.7735849 0.8002848 0.4289783 0.6308295 0.6297615 0.7920969 0.8180847 0.8422926 0.8394446 0.8661445 0.7290851 0.7899609 0.9035244 0 
0 0 0 0 0.8725525 0.8319687 0.3873264 0.6012816 0.2274831 0.4179423 0.3225347 0.4432182 0.1683873 0.1281595 0.3474546 0.3171947 0.6425774 0.3282307 0.7945888 0.5998576 0.5617657 0.9166963 0.4809541 0.8689925 0.8775365 0.740477 0.8091848 0.5987896 0.9501602 0.4834461 0.8490566 0 
0 0 0 0 0 0.9850481 0.3058028 0.1723033 0.1651833 0.3816305 0.2360271 0.4727661 0.3741545 0.1384834 0.258455 0.4553222 0.8131008 0.5507298 0.8625845 0.7839088 0.7390531 0.6970452 0.7098612 0.8704165 0.8953364 0.5770737 0.5674617 0.4460662 0.7935208 0.6415094 0.9480242 0 
0 0 0 0 0.7301531 0.6258455 0.2958348 0.2299751 0.3488786 0.2068352 0.7016732 0.490566 0.2128872 0.3132787 0.1377714 0.1986472 0.6294055 0.8031328 0.7390531 0.6917052 0.8024208 0.8490566 0.6205055 0.6934852 0.5635458 0.6489854 0.5546458 0.6372374 0.5852616 0.2011392 0.1936632 0 
0 0 0 0.7330011 0.7650409 0.8533286 0.3705945 0.2310431 0.3990744 0.3752225 0.2356711 0.4862941 0.3859025 0.6475614 0.2057672 0.2677109 0.3631186 0.5154859 0.7347811 0.745105 0.5795657 0.9021004 0.6963332 0.3164827 0.3232467 0.8786045 0.7956568 0.491634 0.6571734 0.5514418 0.51691 0 
0 0 0 0.7739409 0.9423282 0.6482734 0.4720541 0.3271627 0.3652546 0.3282307 0.1498754 0.6514774 0.7985048 0.5660377 0.6080456 0.246707 0.09754361 0.3129227 0.7985048 0.7105731 0.4681381 0.9045924 0.6699893 0.1908152 0.2018512 0.3531506 0.8910645 0.5898896 0.6938412 0.9259523 0.8960484 0 
0 0 0.6333215 0.7233891 0.6924172 0.2787469 0.2652189 0.1683873 0.5770737 0.3980064 0.3748665 0.3823425 0.7009612 0.753293 0.740833 0.8871484 0.6482734 0.4072624 0.8042008 0.9106444 0.5624778 0.8611606 0.753293 0.8355287 0.4667141 0.7354931 0.8202207 0.9369882 0.9070843 0.7664649 0.9540762 0 
0 0 0.6546814 0.5418298 0.4393022 0.2335351 0.1509434 0.0996796 0.3353507 0.5973656 0.7173371 0.3527946 0.3300107 0.6902812 0.7671769 0.765397 0.242791 0.03702385 0.6222855 0.7849768 0.7308651 0.7030972 0.7401211 0.9284443 0.8935564 0.6653613 0.8924884 0.7899609 0.8155928 0.6290495 0.9412602 0 
0 0 0.8810965 0.5407618 0.1167675 0.2079032 0.04129583 0.2025632 0.08081168 0.6140975 0.6618013 0.238519 0.7867569 0.9042364 0.6247775 0.9063724 0.508366 0.4652901 0.9352083 0.9060163 0.8095407 0.7725169 0.7853329 0.7212531 0.7023852 0.6902812 0.8326806 0.7696689 0.7888929 0.5934497 0.7636169 0 
0 0.8818085 0.8608046 0.1911712 0.2766109 0.1851193 0.2039872 0.1601994 0.6119615 0.6810253 0.7970808 0.3310787 0.5792097 0.6970452 0.734069 0.8711285 0.8187968 0.6589534 0.7226771 0.8042008 0.496618 0.3446066 0.4595942 0.4197223 0.3545746 0.1726593 0.238875 0 0 0 0.2908508 0.4749021 
0.5161979 0.8568886 0.8882164 0.7098612 0.7141331 0.2833749 0.2175151 0.1965112 0.4798861 0.8077608 0.6974012 0.6422215 0.6995372 0.6187255 0.4229263 0.7846209 0.6212175 0.7725169 0.7184051 0.6422215 0.3834105 0.08543966 0.002135991 0.0007119972 0.02064792 0.007831968 0 0 0 0 0 0 
0.7137771 0.491634 0.7141331 0.7045212 0.8643646 0.5824137 0.4610181 0.3915984 0.5208259 0.7782129 0.4820221 0.9199003 0.7828408 0.5283019 0.3581346 0.6440014 0.7572089 0.6215735 0.257031 0.249555 0.01245995 0.03417586 0 0 0 0 0 0 0 0 0 0 
0.752225 0.6739053 0.7561409 0.5966536 0.751157 0.3823425 0.1840513 0.4158063 0.7301531 0.8220007 0.4101104 0.8422926 0.8451406 0.4289783 0.5849057 0.4332503 0.5877537 0.4446422 0.1687433 0 0 0 0 0 0 0 0 0 0 0 0 0 
0.5895336 0.4061944 0.8237807 0.6322535 0.7191171 0.4193663 0.3168387 0.6917052 0.7244571 0.8013528 0.4567462 0.515842 0.8746885 0.8116767 0.5471698 0.4563902 0.4140263 0.1634033 0.01566394 0 0 0 0 0 0 0 0 0 0 0 0 0 
0 0.4136703 0.5229619 0.8408687 0.8971164 0.5229619 0.6080456 0.6682093 0.8059808 0.7273051 0.8935564 0.5493058 0.4140263 0.5614098 0.2954788 0.3923104 0.1302955 0.02100392 0 0 0 0 0 0 0 0 0 0 0 0 0 0 
0 0.1071556 0.7123532 0.7433251 0.8002848 0.6518334 0.6529014 0.8191527 0.8775365 0.6205055 0.8227127 0.6019936 0.6639373 0.5318619 0.1751513 0.06051976 0.01423994 0 0 0 0 0 0 0 0 0 0 0 0 0 0 0 
0 0.1067996 0.04485582 0.3631186 0.7030972 0.7333571 0.7682449 0.6977572 0.8985404 0.8942684 0.4026344 0.4485582 0.3300107 0.246351 0.005695977 0.0242079 0 0 0 0 0 0 0 0 0 0 0 0 0 0 0 0 
0 0 0.04022784 0.008899964 0.4175863 0.7686009 0.5453898 0.7992168 0.500534 0.7721609 0.7269491 0.3948024 0.1132075 0.04236383 0 0 0 0 0 0 0 0 0 0 0 0 0 0 0 0 0 0 
0 0 0 0.08543966 0.02242791 0.0989676 0.258811 0.4122463 0.2965468 0.2054112 0.04734781 0.01317195 0.1445354 0 0 0 0 0 0 0 0 0 0 0 0 0 0 0 0 0 0 0 
0 0 0 0 0 0 0.06763973 0.01495194 0.003203987 0.05517978 0.09576362 0 0 0 0 0 0 0 0 0 0 0 0 0 0 0 0 0 0 0 0 0 
