carroll_forestpercentcoverAB.asc
ncols         36
nrows         28
xllcorner     434483.1766
yllcorner     4339889.2392
cellsize      1590
NODATA_value  -9999
0.1708793 0.09220363 0.03773585 0.04663581 0.1199715 0.1146315 0.2751869 0.1804913 0.3713065 0.6514774 0.4182983 0.3527946 0.2239231 0.262015 0.1883232 0.2819509 0.1117835 0.02776789 0.1327875 0.08081168 0.04485582 0.01993592 0.1313635 0.01566394 0.01174795 0.04449982 0.1242435 0 0 0 0 0 0 0 0 0 
0.09647562 0.1320755 0.05482378 0.03346387 0.06051976 0.1057316 0.1676753 0.2281951 0.6771093 0.7899609 0.5738697 0.3841225 0.5432538 0.3175507 0.253827 0.1979352 0.1153435 0.1384834 0.06229975 0.1363475 0.0509078 0.1128515 0.06087575 0.1103596 0.002135991 0.1819153 0 0 0 0 0 0 0 0 0 0 
0.2360271 0.5250979 0.1011036 0.04734781 0.02029192 0.01067996 0.09327163 0.3011748 0.5154859 0.4745461 0.2833749 0.2039872 0.3018868 0.1270915 0.1520114 0.1399074 0.06016376 0.1505874 0.07938768 0.04093984 0.07796369 0.1185475 0.08864365 0.03559986 0.02171591 0.03880385 0.1413314 0 0 0 0 0 0 0 0 0 
0.2292631 0.3634745 0.1512994 0.1751513 0.1146315 0.08508366 0.258811 0.5307939 0.6450694 0.2798149 0.4485582 0.2652189 0.1886792 0.1961552 0.06016376 0.04770381 0.1060876 0.03809185 0.0259879 0.1712353 0.1267355 0.2353151 0.1829833 0.1537914 0.1060876 0.05411178 0.1146315 0 0 0 0 0 0 0 0 0 
0.09718761 0.2306871 0.1961552 0.07831968 0.04841581 0.1587754 0.2264151 0.2961908 0.2645069 0.4535422 0.3716625 0.4745461 0.3282307 0.1270915 0.09149163 0.08187968 0.05624777 0.02135991 0.0982556 0.1064436 0.1100036 0.1107156 0.2143111 0.1064436 0.1050196 0.238875 0.05375579 0 0 0 0 0 0 0 0 0 
0.04058384 0.256675 0.08152367 0.03310787 0.03631185 0.02385191 0.1929512 0.2919188 0.6080456 0.4474902 0.2901388 0.4222143 0.3616945 0.08437166 0.06906372 0.1245995 0.02776789 0.06336775 0.1463154 0.02954788 0.01993592 0.1107156 0.1847633 0.249199 0.2338911 0.1491634 0 0 0 0 0 0 0 0 0 0 
0.06443574 0.1448914 0.04663581 0.02349591 0.03381987 0.09113564 0.06728373 0.3193307 0.3851905 0.2876469 0.07725169 0.1463154 0.06123175 0.1153435 0.1683873 0.09291563 0.2046992 0.02029192 0.06051976 0.0252759 0.05233179 0.01423994 0.03275187 0.01103596 0.1844073 0.07618369 0 0 0 0 0 0 0 0 0 0 
0.03880385 0.03275187 0.04414382 0.04343183 0.04236383 0.1612674 0.1594874 0.3627625 0.3175507 0.4631541 0.1495194 0.09006764 0.1032396 0.05197579 0.1737273 0.0252759 0.03737985 0.05339979 0.07191171 0.03915984 0.04236383 0.1744393 0.05411178 0.1708793 0.1107156 0.01922392 0.1484514 0 0 0 0 0 0 0 0 0 
0.1569954 0.1171235 0.05482378 0.03631185 0.1110716 0.07903168 0.1673193 0.06763973 0.1334995 0.2257031 0.09469562 0.3406906 0.4090424 0.1057316 0.1189035 0.01637593 0.003915984 0.02669989 0.06977572 0.06692773 0.07048772 0.03203987 0.1007476 0.03595586 0.1331435 0.1733713 0 0 0 0 0 0 0 0 0 0 
0.05873977 0.2032752 0.1484514 0.01851193 0.09291563 0.0245639 0.05767177 0.1260235 0.1242435 0.1032396 0.05589177 0.1203275 0.2071912 0.09683161 0.0754717 0.05873977 0.04414382 0.1100036 0.0758277 0.09077964 0.1655393 0.1238875 0.08757565 0.03417586 0.05695977 0.08757565 0.1299395 0 0 0 0 0 0 0 0 0 
0.1292275 0.2762549 0.1434674 0.02385191 0.07725169 0.08437166 0.06336775 0.09255963 0.2178711 0.1797793 0.1153435 0.1085796 0.03809185 0.04236383 0.1267355 0.0747597 0.08650766 0.03310787 0.04805981 0.006763973 0.2246351 0.03987184 0.07262371 0.0252759 0.1587754 0.06585974 0 0.02741189 0.007119971 0 0 0 0 0 0 0 
0.07974368 0.01530794 0.01957992 0.0491278 0.02207191 0.0242079 0.06799573 0.09505162 0.0252759 0.1142755 0.1167675 0.0263439 0.1801353 0.04129583 0.2018512 0.1505874 0.3403346 0.07333571 0.03773585 0.01779993 0.08508366 0.1217515 0.1128515 0.07191171 0.03203987 0.1552154 0.04805981 0 0.01922392 0 0 0 0 0 0 0 
0.04165183 0.06051976 0.01174795 0.008187967 0.03275187 0.09718761 0.08579566 0.0996796 0.03987184 0.02242791 0.1737273 0.05695977 0.09220363 0.1844073 0.1733713 0.1011036 0.3349947 0.2096832 0.2064792 0.03097188 0.04058384 0.09220363 0.05767177 0.1057316 0.09077964 0.1342115 0.1619793 0.06941972 0 0.01139195 0.01459594 0.01566394 0.03132787 0 0 0 
0.01993592 0.01459594 0.0494838 0.03346387 0.03239587 0.09398362 0.06514774 0.03809185 0.1007476 0.03524386 0.1399074 0.1046636 0.08935564 0.07867569 0.3068708 0.2011392 0.1278035 0.05126379 0.1723033 0.1416874 0.0996796 0.02171591 0.0242079 0.03951584 0.08294767 0.02883589 0.04521182 0.002135991 0.009255963 0.01423994 0.00249199 0.00996796 0 0.009255963 0.03025988 0 
0.1139195 0.1267355 0.03559986 0.06051976 0.0259879 0.01103596 0.0252759 0.0491278 0.2125311 0.1060876 0.08081168 0.245283 0.08472766 0.1107156 0.0259879 0.1819153 0.245639 0.0982556 0.1117835 0.05660377 0.1868993 0.08757565 0.1712353 0.1598434 0.04236383 0.08864365 0.04627981 0.01957992 0.01530794 0.05126379 0 0 0.0003559986 0.03310787 0 0 
0.03880385 0.1470274 0.09754361 0.02990388 0.04663581 0.01103596 0.02242791 0.05482378 0.1025276 0.02135991 0.07048772 0.1979352 0.1153435 0.3207547 0.07013172 0.07155571 0.08472766 0.01744393 0.04307583 0.05517978 0.2926308 0.08543966 0.260591 0.1267355 0.08187968 0.1530794 0.1231755 0.1238875 0.08401567 0.2360271 0.003559986 0 0 0.003203987 0 0 
0.03132787 0.04734781 0.04770381 0.001779993 0.01637593 0.06443574 0.02278391 0.1406194 0.1502314 0.0765397 0.05126379 0.1456034 0.1370595 0.2168031 0.04841581 0.1082236 0.1367034 0.06728373 0.1509434 0.06087575 0.2114632 0.06585974 0.2342471 0.1861873 0.1623354 0.1260235 0.08721965 0.3175507 0.2887149 0.2342471 0.06621574 0 0 0 0 0 
0.03951584 0.04841581 0.07333571 0.02064792 0.04805981 0.05411178 0.007119971 0.1260235 0.1053756 0.1235315 0.02705589 0.03239587 0.2096832 0.3784265 0.09469562 0.09754361 0.05624777 0.1950872 0.4133143 0.2203631 0.3456746 0.1751513 0.1156995 0.2353151 0.244571 0.0993236 0.1598434 0.3182627 0.1132075 0.00996796 0 0 0 0 0 0 
0.05375579 0.05589177 0.05304379 0.01495194 0.01637593 0.07618369 0.1028836 0 0.001779993 0.01210395 0.006763973 0.01281595 0.00249199 0.1473834 0.0242079 0.006407974 0.01495194 0.0996796 0.5517978 0.513706 0.487006 0.4197223 0.4713421 0.5550018 0.1829833 0.3232467 0.5752937 0.1395514 0 0 0 0 0 0 0 0 
0.01388394 0.06657173 0.05980776 0.04556782 0.1868993 0.1011036 0.01459594 0 0 0 0.004627982 0 0.01423994 0 0 0.002135991 0.007831968 0.05411178 0.06550374 0.3090068 0.4022784 0.3912424 0.2741189 0.0259879 0 0.06016376 0.1374155 0 0 0 0 0 0 0 0 0 
0.1623354 0.04699181 0.0007119972 0 0 0 0 0 0 0.0007119972 0.01708793 0.03737985 0.02705589 0 0 0 0 0 0.005339979 0 0.00249199 0.01388394 0 0.002847989 0.01174795 0 0.00249199 0 0 0 0 0 0 0 0 0 
0 0 0 0 0 0 0 0 0 0.01744393 0 0.001779993 0.00747597 0.002135991 0 0 0 0 0 0 0 0.008899964 0 0 0 0 0 0 0 0 0 0 0 0 0 0 
0 0 0 0 0 0.006407974 0.0245639 0.002847989 0 0 0 0 0 0.002135991 0 0 0 0 0 0 0 0 0.00747597 0 0 0 0 0 0 0 0 0 0 0 0 0 
0 0 0 0 0 0 0 0 0 0 0 0 0.002847989 0 0 0 0 0 0 0 0 0 0 0 0 0 0 0 0 0 0 0 0 0 0 0 
0 0 0 0 0 0 0 0.003915984 0.01851193 0 0 0 0 0 0 0 0 0 0 0 0 0 0 0 0 0 0 0 0 0 0 0 0 0 0 0 
0 0 0 0 0.001423994 0.03773585 0 0 0.01779993 0.005339979 0 0 0 0 0 0 0 0 0 0 0 0 0 0 0 0 0 0 0 0 0 0 0 0 0 0 
0 0.008899964 0 0.06941972 0 0 0 0 0 0 0.02207191 0.001067996 0 0 0 0 0 0 0 0.01423994 0.01957992 0 0 0 0 0 0 0 0 0 0 0 0 0 0 0 
0.004271983 0.003559986 0.00498398 0 0 0 0 0 0 0 0 0 0 0 0 0 0 0 0 0 0 0 0 0 0 0 0 0 0 0 0 0 0 0 0 0 
