chariton_forestpercentcoverAB.asc
ncols         32
nrows         34
xllcorner     475328.9416
yllcorner     4341422.7514
cellsize      1590
NODATA_value  -9999
0 0.005695977 0.008899964 0.02171591 0.006051976 0.03737985 0.06407975 0.01530794 0.03310787 0.008899964 0.04663581 0.001779993 0.01352795 0.1925952 0.1911712 0.1039516 0.1452474 0.0491278 0 0 0 0 0 0 0 0 0 0 0 0 0 0 
0.01637593 0.09789961 0.02741189 0.007119971 0.04877181 0.03417586 0.0736917 0.05375579 0.03844785 0.02954788 0.01815593 0.006051976 0.1270915 0.1612674 0.1231755 0.1954432 0.09255963 0.01886792 0.07333571 0.1221075 0.1772873 0.1776433 0.4296903 0.6788893 0.7369171 0.247775 0.06870773 0.0754717 0.1011036 0.3282307 0.3414026 0.01281595 
0.1000356 0.1078676 0.03061588 0.01922392 0.06692773 0.007119971 0 0.02847989 0.01566394 0.03666785 0.07903168 0.02349591 0.1249555 0.07974368 0.06657173 0.06407975 0.1630473 0.0996796 0.04877181 0.03239587 0.1580634 0.3118547 0.1929512 0.2826629 0.6756853 0.09433962 0.05233179 0.05767177 0.1505874 0.1260235 0.260591 0.001067996 
0 0.002135991 0.0509078 0 0.01352795 0.003915984 0.01530794 0.006763973 0.001779993 0.07013172 0.03809185 0.01922392 0.04022784 0.06870773 0.2025632 0.3068708 0.263083 0.1324315 0.03025988 0.1238875 0.2808829 0.246707 0.263083 0.1267355 0.1545034 0.05767177 0.0509078 0.06550374 0.0989676 0.1779993 0.1359915 0.0242079 
0 0.01210395 0.01210395 0.01708793 0 0.009611961 0.00249199 0.005695977 0.05126379 0.03951584 0.006763973 0.05233179 0.0758277 0.2022072 0.242435 0.4368103 0.1933072 0.1270915 0.06372374 0.1011036 0.1730153 0.2253471 0.1480954 0.1406194 0.07725169 0.03702385 0.05197579 0.04663581 0.2014952 0.3001068 0.1203275 0.02313991 
0 0.007831968 0.04093984 0.03809185 0 0.0256319 0.02207191 0.03203987 0.001067996 0.01352795 0.02135991 0.05375579 0.06906372 0.1601994 0.2075472 0.1107156 0.0736917 0.3136348 0.1840513 0.1737273 0.2787469 0.1512994 0.252403 0.03381987 0.05197579 0.01922392 0.0501958 0.08401567 0.1171235 0.1213955 0.05873977 0.003915984 
0 0.006407974 0.004627982 0.01922392 0 0.008899964 0 0.00498398 0.00249199 0.005695977 0.04663581 0.03737985 0.0747597 0.2046992 0.3584906 0.2691349 0.08223567 0.2264151 0.05909576 0.1929512 0.260235 0.4190103 0.3510146 0.05446778 0.1189035 0.08971164 0.2043432 0.05233179 0.06514774 0.08935564 0.0252759 0.02919188 
0 0.01922392 0.03417586 0 0.00747597 0.01103596 0 0.002847989 0.01139195 0.0498398 0.06301175 0.02064792 0.0249199 0.01886792 0.03275187 0.251691 0.2837309 0.3154147 0.1933072 0.4852261 0.5172659 0.238875 0.5250979 0.1288715 0.1979352 0.07760769 0.07013172 0.246707 0.0758277 0.06550374 0.009255963 0.02029192 
0 0.006051976 0 0 0.001779993 0.00498398 0 0.006763973 0.03915984 0.07191171 0.06906372 0.04378783 0.1470274 0.1477394 0.04058384 0.1844073 0.08223567 0.1541474 0.1890352 0.2787469 0.3851905 0.2897829 0.6397294 0.2936988 0.1730153 0.1584194 0.5140619 0.1142755 0.08437166 0.002135991 0.006763973 0.01851193 
0 0.01245995 0.003203987 0 0.006407974 0 0.0003559986 0.04627981 0.003559986 0.007119971 0.05304379 0.03417586 0.04129583 0.07974368 0.1185475 0.1901032 0.1480954 0.1075116 0.05802777 0.1438234 0.1320755 0.3958704 0.3050908 0.3531506 0.05304379 0.0509078 0.1541474 0.03737985 0.03061588 0.03132787 0.01637593 0.0007119972 
0 0.02705589 0.02207191 0 0 0 0 0 0.01708793 0.008899964 0.07155571 0.02776789 0.05197579 0.1893912 0.2086152 0.2249911 0.1349235 0.1092916 0.2093272 0.05197579 0.3268067 0.1698113 0.1612674 0.3933784 0.1352795 0.05553578 0.08365966 0.01281595 0.01601994 0.01530794 0.006407974 0.0754717 
0 0 0.04556782 0 0 0 0.002135991 0.006051976 0.04627981 0.1267355 0.1840513 0.1153435 0.1331435 0.2694909 0.1331435 0.1413314 0.2370951 0.1089356 0.08294767 0.04627981 0.1310075 0.1334995 0.4499822 0.248843 0.1263795 0.02029192 0 0.006763973 0.001779993 0 0.01601994 0.04414382 
0 0 0.01032396 0 0.001423994 0.002135991 0.02171591 0.08223567 0.1046636 0.1349235 0.1918832 0.03275187 0.08437166 0.1420434 0.01601994 0.07404771 0.3438946 0.1516554 0.1644713 0.03310787 0.09291563 0.1719473 0.2876469 0.09077964 0.05197579 0.01210395 0.003915984 0 0 0.00747597 0.0259879 0.05233179 
0.1584194 0.003915984 0.01388394 0 0.001067996 0 0 0.03025988 0.1324315 0.1669633 0.04734781 0.07226771 0.0989676 0.1509434 0.1156995 0.01352795 0.2207191 0.05873977 0.02883589 0.0256319 0.09398362 0.09220363 0.2036312 0.1509434 0.01174795 0 0.0003559986 0.01601994 0 0.01245995 0.2249911 0.06514774 
0 0.01886792 0.02064792 0.0249199 0.001067996 0.003559986 0.01067996 0.09718761 0.01851193 0.1164115 0.2164471 0.1484514 0.1466714 0.2011392 0.08365966 0.06479174 0.1146315 0.1794233 0.05660377 0.0744037 0.242791 0.3705945 0.1890352 0.07725169 0.006051976 0.002135991 0 0.00498398 0.02776789 0.04271983 0.07689569 0.008187967 
0 0.005339979 0.07725169 0.02171591 0 0.008899964 0.06728373 0.07867569 0.1498754 0.2360271 0.1961552 0.1278035 0.2392311 0.1868993 0.1306515 0.0751157 0.04058384 0.06051976 0.03844785 0.1003916 0.05624777 0.1644713 0.4012104 0.001779993 0 0 0.006051976 0.01851193 0.01530794 0.04734781 0.03951584 0.06621574 
0 0.003915984 0.02776789 0.0242079 0.01067996 0.1035956 0.2246351 0.1331435 0.1203275 0.2737629 0.06977572 0.05980776 0.2018512 0.09789961 0.1128515 0.06407975 0.08116768 0.007831968 0.1324315 0.08294767 0.01459594 0.01281595 0.1630473 0.002135991 0 0 0.02100392 0.07760769 0.07084372 0.04236383 0.01851193 0.2189391 
0 0 0 0 0.002847989 0.01067996 0.09718761 0.04592382 0.1815593 0.05197579 0.1270915 0.04414382 0.3470986 0.3520826 0.1075116 0.04022784 0.09398362 0.002135991 0.08223567 0.02919188 0.01993592 0.0242079 0.2210751 0.002135991 0 0.008543965 0.01067996 0.03559986 0.03702385 0.05268779 0.0252759 0.2032752 
0 0 0 0.02207191 0.004271983 0.004627982 0.08081168 0.1708793 0.1975792 0.1278035 0.2677109 0.2897829 0.1965112 0.238519 0.1388394 0.06123175 0.08223567 0.01103596 0.2235671 0.04699181 0.05945176 0.1121396 0.1933072 0.02313991 0.008543965 0.008187967 0.1306515 0.06621574 0.01744393 0.04271983 0.02669989 0.09184764 
0 0 0 0 0 0 0 0.07155571 0.2093272 0.1591314 0.04556782 0.0758277 0.1673193 0.1477394 0.249555 0.05589177 0.03097188 0.00498398 0.1473834 0.0263439 0.1292275 0.08508366 0.01566394 0.00996796 0.03025988 0.02349591 0.0509078 0.01530794 0.0744037 0.1470274 0.1349235 0.1456034 
0 0 0 0 0 0 0 0 0 0.00249199 0 0 0.007119971 0.254539 0.2958348 0.2723389 0.05161979 0.007119971 0.001779993 0.01708793 0.03880385 0.02776789 0.002847989 0.003559986 0.007831968 0.01708793 0.003559986 0.04556782 0.1317195 0.1804913 0.2997508 0.1107156 
0 0 0 0 0 0 0 0 0 0.009255963 0 0 0 0 0.05553578 0.2278391 0.1605554 0.02278391 0.01601994 0.006763973 0.03809185 0.06977572 0.02776789 0.07760769 0.1295835 0.07333571 0.1488074 0.08223567 0.1473834 0.1132075 0.1954432 0.04093984 
0 0 0 0 0 0 0 0 0 0.003559986 0.007831968 0 0 0 0 0.006763973 0.01495194 0.01459594 0.06016376 0.3908864 0.1797793 0.1089356 0.01815593 0.0505518 0.03880385 0.04022784 0.08330367 0.03025988 0.0996796 0.06621574 0.1270915 0.07297971 
0 0 0 0 0 0 0 0 0 0 0 0.02812389 0 0 0 0 0.007831968 0.006051976 0.1997152 0.5742257 0.3841225 0.08971164 0.1253115 0.08971164 0.01815593 0.03381987 0.1181915 0.01459594 0.0249199 0.01495194 0.02847989 0.1071556 
0 0 0 0 0 0 0 0 0 0 0 0.04449982 0.003559986 0 0 0 0.003203987 0 0.1053756 0.5546458 0.7561409 0.251691 0.08259167 0.08045568 0.0751157 0.1146315 0.02919188 0.004271983 0.05624777 0.1409754 0.06870773 0 
0 0 0 0 0 0 0 0 0 0 0 0.07903168 0.006763973 0 0 0 0.00996796 0 0 0.08223567 0.4599501 0.487006 0.1178355 0.08828764 0.006051976 0.0003559986 0.03097188 0.1662513 0.1167675 0.4446422 0.2150231 0 
0 0 0 0 0 0 0 0 0 0 0 0 0.08615165 0.004271983 0.008187967 0 0.001779993 0.02064792 0 0 0.006763973 0.252047 0.240655 0.03381987 0.01352795 0.01601994 0 0 0 0 0.3118547 0 
0 0 0 0 0 0 0 0 0 0 0 0 0 0 0.09683161 0.05945176 0.003915984 0.005339979 0 0 0 0.02741189 0.09505162 0.0256319 0.005339979 0.03203987 0 0 0 0 0 0 
0 0 0 0 0 0 0 0 0 0 0 0 0 0 0 0 0 0 0 0 0 0 0 0.01779993 0.04271983 0 0 0 0 0 0 0 
0 0 0 0 0 0 0 0 0 0 0 0 0 0 0 0 0 0 0.006051976 0 0 0 0 0.01281595 0.249911 0 0 0 0 0 0 0 
0 0 0 0 0 0 0 0 0 0 0 0 0 0 0 0 0 0 0.02883589 0.006407974 0.002135991 0.003915984 0 0.1245995 0.3196867 0 0 0 0 0 0 0 
0 0 0 0 0 0 0 0 0 0 0 0 0 0 0 0 0 0 0 0 0.00249199 0 0.004271983 0.2826629 0 0 0 0 0 0 0 0 
0 0 0 0 0 0 0 0 0 0 0 0 0 0 0 0 0 0 0 0 0.008187967 0 0.01388394 0.3335707 0 0 0 0 0 0 0 0 
0 0 0 0 0 0 0 0 0 0 0 0 0 0 0 0 0 0 0 0 0.02207191 0.01530794 0 0 0 0 0 0 0 0 0 0 
