cole_forestpercentcoverAB.asc
ncols         27
nrows         29
xllcorner     544019.1512
yllcorner     4241893.5466
cellsize      1590
NODATA_value  -9999
0 0 0 0 0 0.06158775 0.03737985 0 0 0 0 0 0 0 0 0 0 0 0 0 0 0 0 0 0 0 0 
0 0 0 0 0 0.3994304 0.5752937 0.4432182 0 0 0 0 0 0 0 0 0 0 0 0 0 0 0 0 0 0 0 
0 0 0 0 0 0.4004984 0.6397294 0.3887504 0 0 0 0 0 0 0 0 0 0 0 0 0 0 0 0 0 0 0 
0 0 0 0 0 0.4158063 0.3741545 0 0 0 0 0 0 0 0 0 0 0 0 0 0 0 0 0 0 0 0 
0 0 0 0 0.6625134 0.5628337 0.489142 0.3292987 0 0 0 0 0 0 0 0 0 0 0 0 0 0 0 0 0 0 0 
0 0 0 0 0.7084371 0.4293343 0.4766821 0.4791741 0.5720897 0.250623 0.03381987 0.1078676 0 0 0 0 0 0 0 0 0 0 0 0 0 0 0 
0 0 0 0 0.7842649 0.5678177 0.6440014 0.6283375 0.5987896 0.5571378 0.3527946 0.0491278 0.05589177 0 0.6924172 0 0 0 0 0 0 0 0 0 0 0 0 
0 0 0 0 0.6892132 0.6012816 0.6205055 0.7686009 0.7255251 0.6650053 0.6899253 0.4453542 0.3321467 0.1206835 0.03773585 0.2189391 0 0 0 0 0 0 0 0 0 0 0 
0 0 0 0.2993948 0.3275187 0.5283019 0.5770737 0.5802777 0.3040228 0.242791 0.6657174 0.5471698 0.4716981 0.5777857 0.2221431 0.001779993 0 0 0 0 0 0 0 0 0 0 0 
0 0 0 0.3001068 0.3467426 0.3823425 0.3196867 0.4101104 0.3826985 0.2182271 0.5891777 0.3990744 0.5183339 0.5674617 0.4756141 0.2128872 0 0 0 0 0 0 0 0 0 0 0 
0 0 0 0.506942 0.7063012 0.7063012 0.3545746 0.3641866 0.2050552 0.3524386 0.4464222 0.4521182 0.5909576 0.502314 0.4321823 0.2865789 0.2103952 0 0 0 0 0 0 0 0 0 0 
0 0 0 0.5841936 0.3624066 0.5222499 0.4613742 0.253115 0.1573514 0.4439302 0.3527946 0.1968672 0.0996796 0.2039872 0.4478462 0.2264151 0.07404771 0.04841581 0.08543966 0 0 0 0 0 0 0 0 
0 0 0.4033464 0.262727 0.3182627 0.3360627 0.3285867 0.2153791 0.3705945 0.2079032 0.1580634 0.3727305 0.3930224 0.4741901 0.5934497 0.3705945 0.3150587 0.07725169 0.07155571 0.2791029 0.2182271 0.06763973 0.01495194 0 0.05517978 0.09576362 0 
0 0 0.2976148 0.2171591 0.49555 0.4382342 0.3389106 0.5194019 0.2983268 0.2036312 0.5443218 0.3592026 0.1901032 0.249199 0.6173015 0.4770381 0.2135991 0.3681025 0.4645782 0.3859025 0.4823781 0.4040584 0.2801709 0.1278035 0.1609114 0.2723389 0 
0 0 0.5752937 0.3139907 0.5841936 0.5450338 0.507298 0.4353863 0.5453898 0.3389106 0.6340334 0.2200071 0.4731221 0.6828052 0.5332859 0.4553222 0.496618 0.3684585 0.4681381 0.3168387 0.3948024 0.505518 0.4830901 0.3374867 0.4282663 0.3175507 0 
0 0 0.762193 0.5955856 0.3371307 0.5119259 0.5347099 0.4286223 0.5343539 0.3567106 0.510502 0.3292987 0.251335 0.6272695 0.6892132 0.5176219 0.5318619 0.4499822 0.3360627 0.2947668 0.3125668 0.3481666 0.3780705 0.3787825 0.2684229 0.3015308 0 
0 0.50623 0.3246707 0.2175151 0.3264507 0.5628337 0.3990744 0.512282 0.4741901 0.3730865 0.1612674 0.3414026 0.4012104 0.3837665 0.6329654 0.4065504 0.4069064 0.3011748 0.3794945 0.3791385 0.6283375 0.4079744 0.3047348 0.257387 0.4314703 0.3962264 0.2641509 
0 0.1794233 0.3171947 0.2766109 0.4752581 0.4076184 0.4884301 0.3670345 0.3777145 0.4798861 0.505518 0.5258099 0.6297615 0.3018868 0.4069064 0.5293699 0.3538626 0.1324315 0.3837665 0.2705589 0.3577786 0.2798149 0.3470986 0.250267 0.3962264 0.3698825 0.1288715 
0 0.3470986 0.3919544 0.3460306 0.3446066 0.50801 0.6941972 0.6411535 0.3364187 0.5653257 0.7803489 0.5735137 0.6190815 0.4553222 0.6998932 0.6354575 0.3317907 0.3310787 0 0.4777501 0.6372374 0.50445 0.6628693 0.49377 0.4343183 0.4069064 0 
0 0.3011748 0.250979 0.2965468 0.4585262 0.2969028 0.4143823 0.4446422 0.4215023 0.252759 0.5703097 0.5614098 0.3599146 0.5902457 0.503026 0.4350303 0.5172659 0.5304379 0 0 0 0 0 0 0 0 0 
0.2687789 0.3510146 0.3054468 0.2253471 0.4624422 0.4667141 0.4385903 0.5446778 0.4047704 0.3442506 0.5446778 0.6244215 0.5624778 0.4862941 0.5671057 0.6667854 0.495194 0.3933784 0 0 0 0 0 0 0 0 0 
0.3648985 0.3723745 0.3513706 0.3937344 0.4695621 0.5233179 0.3592026 0.2200071 0.3410466 0.3570666 0.5799217 0.506942 0.4845141 0.6671413 0.5290139 0.6358135 0.6386614 0.2919188 0.3011748 0 0 0 0 0 0 0 0 
0 0 0 0 0 0.6301175 0.2858669 0.2189391 0.2794589 0.2378071 0.6130295 0.6621574 0.5542898 0.7671769 0.493414 0.3438946 0.5194019 0.5097899 0.3972944 0.4763261 0.4190103 0 0 0 0 0 0 
0 0 0 0 0 0.4129584 0.2121751 0.1858313 0.3325027 0.5891777 0.6475614 0.5443218 0.5873976 0.3652546 0.3339267 0.6340334 0.2990388 0.4058384 0.2271271 0.2353151 0.3065148 0 0 0 0 0 0 
0 0 0 0 0 0.1851193 0.0989676 0.4250623 0.750801 0.6407974 0.5550018 0.6621574 0.6429334 0.50445 0.505874 0.504094 0.5261659 0.51335 0.5553578 0.3282307 0 0 0 0 0 0 0 
0 0 0 0 0 0.1673193 0.1801353 0.5938056 0.50445 0.5767177 0.5525098 0.7226771 0.8401566 0.2872908 0.6226415 0.4229263 0.6034176 0 0 0 0 0 0 0 0 0 0 
0 0 0 0 0 0.4197223 0.4439302 0.5671057 0.6500534 0.5493058 0.238519 0.6258455 0.7888929 0.247419 0.3748665 0.3346387 0.5913137 0 0 0 0 0 0 0 0 0 0 
0 0 0 0 0 0.4538982 0.7006052 0.7390531 0.6244215 0.6034176 0.5678177 0.5735137 0.5703097 0.5642577 0.4613742 0.4396583 0.5756497 0 0 0 0 0 0 0 0 0 0 
0 0 0 0 0 0 0 0 0 0 0 0 0.5261659 0.758989 0.1982912 0 0 0 0 0 0 0 0 0 0 0 0 
