cooper_forestpercentcoverAB.asc
ncols         31
nrows         27
xllcorner     494786.3976
yllcorner     4281333.284
cellsize      1590
NODATA_value  -9999
0 0 0 0 0 0 0 0 0 0 0 0 0 0 0 0 0 0 0 0 0 0 0 0 0 0 0 0 0 0 0 
0 0 0 0 0 0 0.2360271 0 0 0 0 0 0 0 0 0 0 0 0 0 0 0 0 0 0 0 0 0 0 0 0 
0 0 0 0 0 0.1537914 0.1979352 0.1790673 0 0 0 0 0 0 0 0 0 0 0 0 0 0 0 0 0 0 0 0 0 0 0 
0 0 0 0 0.2666429 0.1196155 0.1644713 0.2378071 0 0 0 0 0 0 0 0 0 0 0 0 0 0 0 0 0 0 0 0 0 0 0 
0 0 0 0.3015308 0.1064436 0.1185475 0.07226771 0.08259167 0.09291563 0 0 0 0 0 0 0 0 0 0 0 0 0 0 0 0 0 0 0 0 0 0 
0 0 0.0494838 0.3933784 0.3029548 0.06763973 0.06479174 0.08828764 0.1733713 0.1142755 0 0 0 0 0 0 0 0 0 0 0 0 0 0 0 0 0 0 0 0 0 
0 0.3314347 0.2709149 0.1783553 0.1021716 0.1124955 0.1427554 0.06158775 0.1868993 0.2285511 0.2833749 0.1064436 0 0 0 0 0 0.01673193 0.1025276 0.1395514 0 0 0 0 0 0 0 0 0 0 0 
0 0.4250623 0.1762193 0.04521182 0.1267355 0.1655393 0.2224991 0.08152367 0.1043076 0.1747953 0.1463154 0.4186543 0.5332859 0.5660377 0.238519 0.251335 0.3225347 0.1114276 0.2979708 0.3406906 0.2933428 0.3065148 0.4072624 0.4574582 0.1206835 0.0505518 0.09362762 0.263795 0 0 0 
0 0.3100747 0.1278035 0.1940192 0.4019224 0.1666073 0.1876113 0.1146315 0.09220363 0.0989676 0.1018156 0.3335707 0.3805625 0.4432182 0.1783553 0.4756141 0.4531862 0.4442862 0.2826629 0.2634389 0.1701673 0.1313635 0.1192595 0.50445 0.3549306 0.3656105 0.1509434 0.03203987 0.246707 0 0 
0 0.4453542 0.5923817 0.264863 0.489142 0.4079744 0.07013172 0.06479174 0.06977572 0.2855109 0.243503 0.4759701 0.2007832 0.1270915 0.2997508 0.2929868 0.2356711 0.2677109 0.1381274 0.1794233 0.1954432 0.1933072 0.1940192 0.2278391 0.5222499 0.4175863 0.4239943 0.2121751 0.01744393 0.242435 0 
0 0.1801353 0.3777145 0.1694553 0.1940192 0.2303311 0.1883232 0.2730509 0.1178355 0.5802777 0.50623 0.0765397 0.03061588 0.05233179 0.09255963 0.259523 0.3862585 0.2897829 0.1658953 0.1057316 0.06763973 0.1876113 0.3147027 0.1819153 0.3410466 0.4147383 0.4271983 0.6496974 0.2032752 0.08543966 0 
0.50445 0.4478462 0.1245995 0.3082948 0.0498398 0.1224635 0.2844429 0.4314703 0.4581702 0.6262015 0.2232111 0.05980776 0.2267711 0.1295835 0.1092916 0.07262371 0.2014952 0.0993236 0.02313991 0.05339979 0.2794589 0.05731577 0.04556782 0.1726593 0.253115 0.2844429 0.2160911 0.3510146 0.4624422 0.08437166 0 
0.5834817 0.5614098 0.245283 0.4257743 0.3713065 0.5916696 0.3378426 0.1705233 0.2634389 0.1986472 0.06550374 0.1512994 0.241367 0.253827 0.1943752 0.1747953 0.259167 0.1847633 0.2901388 0.2025632 0.07618369 0.1858313 0.08187968 0.1950872 0.4489142 0.6902812 0.3752225 0.5824137 0.2869349 0.3777145 0 
0.5236739 0.2378071 0.241011 0.5784977 0.6034176 0.6343895 0.3826985 0.1641153 0.1249555 0.02278391 0.1438234 0.3559986 0.2961908 0.3737985 0.264863 0.3072268 0.1035956 0.3887504 0.3492346 0.243147 0.3460306 0.5186899 0.2392311 0.1552154 0.5916696 0.6707013 0.8234247 0.8857245 0.741545 0 0 
0.1847633 0.2847989 0.3179067 0.5240299 0.487718 0.247775 0.2719829 0.0245639 0.01388394 0.1580634 0.2356711 0.5539338 0.2331791 0.3620506 0.4122463 0.2274831 0.2292631 0.1288715 0.08828764 0.2993948 0.499822 0.4613742 0.1655393 0.1313635 0.5728017 0.7194731 0.8009968 0.7134212 0.2712709 0 0 
0.09540762 0.1829833 0.5393378 0.4147383 0.4706301 0.3830545 0.06763973 0.05197579 0.1491634 0.2068352 0.2641509 0.3211107 0.1274475 0.3417586 0.4588822 0.1149875 0.03702385 0.03809185 0.1267355 0.3090068 0.3246707 0.1819153 0.4044144 0.07938768 0.5884656 0.3196867 0.50267 0.5190459 0 0 0 
0.3524386 0.1669633 0.3588466 0.4838021 0.4442862 0.4360982 0.1267355 0.07262371 0.2132431 0.4624422 0.4649341 0.2969028 0.0765397 0.255251 0.4026344 0.1662513 0.02812389 0.03097188 0.01779993 0.2929868 0.09255963 0.3260947 0.5685297 0.2004272 0.3118547 0.3033108 0.1342115 0.2228551 0 0 0 
0.491278 0.2253471 0.4556782 0.3307227 0.4207903 0.4336063 0.3257387 0.0505518 0.06977572 0.4254183 0.254895 0.5685297 0.1028836 0.254539 0.4464222 0.2168031 0.05731577 0.01530794 0.01886792 0.03809185 0.002135991 0.2324671 0.49021 0.3257387 0.02812389 0.07262371 0.1281595 0.4738341 0 0 0 
0.51335 0.2381631 0.3816305 0.1559274 0.3179067 0.3859025 0.3225347 0.2278391 0.03524386 0.3296547 0.1940192 0.3887504 0.1619793 0.5599858 0.4492702 0.5446778 0.2666429 0.003559986 0.00249199 0.01673193 0.1078676 0.3802065 0.2082592 0.1541474 0.1149875 0.04449982 0.07262371 0 0 0 0 
0.2168031 0.2324671 0.03310787 0.2958348 0.3001068 0.2160911 0.1555714 0.01103596 0.0765397 0.4677821 0.3869705 0.3047348 0.2135991 0.2830189 0.2723389 0.1886792 0.3086508 0.09861161 0.01317195 0.005695977 0.1577074 0.3613386 0.1477394 0.1591314 0.1516554 0.1132075 0.1819153 0 0 0 0 
0.06835172 0.3332147 0.3029548 0.4204343 0.5436098 0.2224991 0.0498398 0.05731577 0.2993948 0.3414026 0.248487 0.09683161 0.02100392 0.1537914 0.2257031 0.05375579 0.05161979 0.02242791 0.006051976 0.008187967 0.06479174 0.03025988 0.03595586 0.4101104 0.1804913 0.2815949 0 0 0 0 0 
0.1107156 0.3303667 0.3075828 0.5856177 0.5493058 0.4296903 0.2207191 0.02278391 0.03666785 0.08152367 0.2719829 0.1648273 0 0.02669989 0.09576362 0.03417586 0.09184764 0.01103596 0.0505518 0.1619793 0.07119972 0.1395514 0.2303311 0.3264507 0.2296191 0.4197223 0 0 0 0 0 
0.04592382 0.2851548 0.2029192 0.1292275 0.5521538 0.6671413 0.3905304 0.245995 0.05197579 0.1338555 0.2157351 0.1245995 0.04200783 0.00249199 0 0.06479174 0.3342827 0.2292631 0.2723389 0.487718 0.0263439 0.3015308 0.2107512 0.4101104 0.1011036 0.3901744 0 0 0 0 0 
0.0263439 0.4083304 0.4766821 0.253827 0.4371662 0.6721253 0.1783553 0.1064436 0.05446778 0.0996796 0.3688145 0.09754361 0.02135991 0.08187968 0.1815593 0.005695977 0.1334995 0.3883944 0.4766821 0.4645782 0.3652546 0.3218227 0.3809185 0.4079744 0.3695265 0 0 0 0 0 0 
0.2232111 0.4627981 0.3948024 0.3901744 0.3862585 0.4015664 0.2641509 0.1765753 0.3520826 0.05517978 0.1331435 0.1003916 0.006051976 0.02919188 0.3154147 0.3737985 0.488786 0.3937344 0.2972588 0.3834105 0.5574937 0.6820933 0.3802065 0.248843 0.3559986 0 0 0 0 0 0 
0.04556782 0.1338555 0.3535066 0.50089 0.3495906 0.4065504 0.3033108 0.3524386 0.3303667 0.01388394 0.02776789 0.07867569 0.004627982 0.0491278 0.3399786 0.0494838 0.2210751 0.3851905 0.51157 0.5261659 0.5728017 0.3421146 0.3246707 0.1794233 0 0 0 0 0 0 0 
0 0 0 0 0 0.498398 0.2808829 0.3385547 0.245283 0.1427554 0.09362762 0.04271983 0 0.01103596 0.1993592 0.05375579 0.1135635 0.2239231 0.1014596 0.3090068 0.2185831 0.06835172 0.1940192 0.07191171 0 0 0 0 0 0 0 
