franklin_forestpercentcover1.asc
ncols         35
nrows         35
xllcorner     641825.5036
yllcorner     4229734.1674
cellsize      1590
NODATA_value  -9999
0 0 0.1100036 0.2712709 0 0 0 0 0 0 0 0 0 0 0 0 0 0 0 0 0 0 0 0 0 0 0 0 0 0 0 0 0 0 0 
0.4360982 0.3691705 0.08045568 0.03951584 0.1249555 0 0 0 0 0 0 0 0 0 0 0 0 0 0 0 0 0 0 0 0 0 0 0 0 0 0 0 0 0 0 
0.4862941 0.3410466 0.3189747 0.1327875 0.01067996 0.06728373 0 0 0 0 0 0 0 0 0 0 0 0 0 0 0 0 0 0 0 0 0 0 0 0 0 0 0 0 0 
0.4222143 0.6461374 0.4731221 0.6244215 0.1840513 0.01637593 0.3225347 0 0 0 0 0 0 0 0 0 0 0 0 0 0 0 0 0 0 0 0 0 0 0 0 0 0 0 0 
0.4770381 0.498042 0.5478818 0.5945176 0.4271983 0.5172659 0.0249199 0 0 0 0 0 0 0 0 0 0 0 0 0 0 0 0 0 0 0 0 0 0 0 0 0 0 0 0.04058384 
0.6027056 0.6614454 0.5731577 0.3948024 0.511214 0.3741545 0.3460306 0.1609114 0 0 0 0 0 0 0 0 0 0 0 0 0 0 0 0 0 0 0 0 0 0 0 0 0 0 0.2381631 
0.5418298 0.2936988 0.4414382 0.3396226 0.3709505 0.4656461 0.5528658 0.4546102 0.494838 0.3029548 0 0 0 0 0 0 0.04414382 0 0 0 0 0 0 0 0 0 0 0 0 0 0 0 0 0.1726593 0.5165539 
0.500534 0.3787825 0.3976504 0.512638 0.3296547 0.6529014 0.3684585 0.2766109 0.1947312 0.252403 0.3901744 0.2239231 0.1740833 0.2730509 0.1534354 0.3310787 0.2285511 0.1986472 0.03239587 0 0 0 0 0 0 0 0 0 0 0 0 0 0 0.2093272 0.6650053 
0.506586 0.4862941 0.4158063 0.3307227 0.262727 0.4809541 0.495906 0.2128872 0.1769313 0.2168031 0.4375223 0.253115 0.3136348 0.4033464 0.4503382 0.4357423 0.4660021 0.254539 0.2677109 0 0 0 0 0 0 0 0 0 0 0.4542542 0.243859 0.05126379 0.02029192 0.3203987 0.494482 
0.3898184 0.6162335 0.514774 0.6158775 0.5428978 0.4254183 0.3602706 0.2844429 0.1626914 0.1107156 0.3243147 0.3549306 0.3275187 0.2929868 0.3179067 0.4339623 0.3688145 0.2235671 0.2783909 0.2919188 0 0 0 0 0 0 0 0 0.0509078 0.1833393 0.03809185 0 0.1178355 0.8237807 0.8269847 
0.6041296 0.7059452 0.6126735 0.5546458 0.4699181 0.3698825 0.07974368 0.4339623 0.2894268 0.3567106 0.255607 0.1391954 0.4300463 0.3709505 0.3221787 0.4353863 0.2830189 0.2061232 0.4279103 0.2328231 0.01957992 0.1644713 0 0 0 0 0 0.08009968 0.1153435 0.1829833 0.2153791 0.4001424 0.5318619 0.6981132 0.8597366 
0.7180491 0.6304735 0.745461 0.6290495 0.4613742 0.3499466 0.251335 0.6564614 0.4773941 0.3129227 0.5428978 0.3770025 0.5336419 0.3517266 0.4517622 0.3627625 0.248131 0.3848345 0.6276255 0.238875 0.03987184 0.1847633 0.2872908 0.1886792 0.2313991 0.1359915 0.2011392 0.1925952 0.3549306 0.4706301 0.3883944 0.745817 0.7746529 0.6881452 0.7664649 
0.5097899 0.6265575 0.8241367 0.5699537 0.5293699 0.6767533 0.3869705 0.5396938 0.4781061 0.510502 0.4207903 0.3154147 0.2993948 0.4200783 0.3834105 0.4332503 0.3969384 0.491278 0.504806 0.3926664 0.4093984 0.1865433 0.260235 0.2915628 0.4097544 0.498754 0.5144179 0.6169455 0.5389819 0.5361338 0.492702 0.8864365 0.8269847 0.7778569 0.7864009 
0.7216091 0.4642221 0.7148451 0.6721253 0.5233179 0.5824137 0.7849768 0.5521538 0.6123176 0.8163047 0.5254539 0.50801 0.3481666 0.3915984 0.4677821 0.4417942 0.5720897 0.3723745 0.510502 0.4118904 0.5784977 0.3844784 0.2662869 0.3339267 0.3335707 0.3969384 0.495194 0.4667141 0.505518 0.5649697 0.2983268 0.751157 0.7682449 0.6440014 0.7881808 
0.6094695 0.4325383 0.4766821 0.6585974 0.5717337 0.5283019 0.6877893 0.6034176 0.4126023 0.4852261 0.4731221 0.3990744 0.3866144 0.3385547 0.4161623 0.3638305 0.5674617 0.5955856 0.3641866 0.5400499 0.5286579 0.4069064 0.2808829 0.3278747 0.3944464 0.495194 0.4239943 0.3381987 0.494126 0.4731221 0.3303667 0.487006 0.5493058 0.5827697 0.5386258 
0.7433251 0.5777857 0.5208259 0.5628337 0.6874332 0.6283375 0.6269135 0.8508366 0.4054824 0.6774653 0.3737985 0.494482 0.5535778 0.5681737 0.489142 0.3695265 0.6023496 0.5649697 0.4773941 0.498754 0.6703453 0.4086864 0.517978 0.2815949 0.3058028 0.4353863 0.3887504 0.3303667 0.6247775 0.5425418 0.4368103 0.7201851 0.491634 0.3812745 0.2228551 
0.7194731 0.4357423 0.8479886 0.8248487 0.6034176 0.8273407 0.4638661 0.7853329 0.6165895 0.6343895 0.3307227 0.5599858 0.6981132 0.5909576 0.2830189 0.5667498 0.6386614 0.6998932 0.7258811 0.4631541 0.3944464 0.6062656 0.7123532 0.4595942 0.6785333 0.7041652 0.4538982 0.495906 0.508366 0.6005696 0.7646849 0.7707369 0.4489142 0.247063 0.1876113 
0.6318974 0.5710217 0.758989 0.757565 0.6909932 0.749377 0.6069776 0.6874332 0.8469206 0.3225347 0.3100747 0.4104664 0.4432182 0.3851905 0.5300819 0.7700249 0.3987184 0.5881097 0.5265219 0.507654 0.2000712 0.3050908 0.5941616 0.2865789 0.4339623 0.7386971 0.6315415 0.6012816 0.492702 0.7443931 0.6461374 0.259879 0.4788181 0.5339979 0.3784265 
0.3912424 0.5400499 0.8700605 0.752581 0.7561409 0.8590246 0.8102528 0.7945888 0.4827341 0.3421146 0.5838377 0.7732289 0.5624778 0.6429334 0.5268779 0.3908864 0.258455 0.4022784 0.8063368 0.5322179 0.2128872 0.3510146 0.3887504 0.1694553 0.3887504 0.2844429 0.2876469 0.5154859 0.8059808 0.7664649 0.7283731 0.5731577 0.488786 0.4670701 0.7333571 
0.747953 0.505162 0.5208259 0.6774653 0.5834817 0.8191527 0.750089 0.6721253 0.7614809 0.5468138 0.4393022 0.8195087 0.6383054 0.6991812 0.5802777 0.3915984 0.4805981 0.6343895 0.6030616 0.4489142 0.499822 0.6415094 0.4677821 0.1299395 0.4745461 0.3923104 0.3955144 0.496262 0.7885368 0.5468138 0.3812745 0.6685653 0.5315059 0.4193663 0.6899253 
0.5649697 0.51335 0.6219295 0.4346743 0.5888216 0.6714133 0.8291207 0.6746173 0.6489854 0.8682805 0.6874332 0.6667854 0.7753649 0.8754005 0.7920969 0.49555 0.5151299 0.7860448 0.5428978 0.6849412 0.2328231 0.6351014 0.4136703 0.1338555 0.3773585 0.6076896 0.4709861 0.3417586 0.5695977 0.2794589 0.5760057 0.6493414 0.4467782 0.7265931 0.756497 
0.6215735 0.3634745 0.490922 0.3189747 0.6066216 0.4652901 0.4079744 0.7678889 0.6824493 0.749021 0.4784621 0.506942 0.749733 0.8896405 0.5866857 0.5194019 0.7070132 0.7718049 0.5639017 0.7910289 0.6731933 0.6756853 0.4720541 0.515842 0.5290139 0.5610538 0.6692773 0.4845141 0.4574582 0.7775009 0.8650765 0.7614809 0.7201851 0.6180135 0.6657174 
0 0.6799573 0.7956568 0.6792453 0.6254895 0.6788893 0.5218939 0.4222143 0.7824849 0.7095051 0.4660021 0.6048416 0.512282 0.5977216 0.4218583 0.7223211 0.8209327 0.7098612 0.6333215 0.8223567 0.6628693 0.5767177 0.3720185 0.3737985 0.4652901 0.5250979 0.8063368 0.7162691 0.4396583 0.7856889 0.7604129 0.5863296 0.7821289 0.7796369 0.6536134 
0 0.7287291 0.8123888 0.7913848 0.6276255 0.6358135 0.8714845 0.8184407 0.6934852 0.6667854 0.4692061 0.4503382 0.3677465 0.6998932 0.5820577 0.9060163 0.8195087 0.6593094 0.8746885 0.7796369 0.8522606 0.511214 0.4019224 0.2680669 0.2751869 0.5247419 0.6425774 0.7953008 0.7084371 0.755785 0.8636525 0.7191171 0.7063012 0.8775365 0 
0 0.4528302 0.6610894 0.7105731 0.7095051 0.8002848 0.7753649 0.6059096 0.6347455 0.3392667 0.7347811 0.6657174 0.5959416 0.494482 0.7297971 0.8034888 0.7970808 0.6137415 0.8454966 0.9380562 0.8487006 0.5877537 0.1765753 0.3816305 0.4190103 0.7906728 0.5795657 0.3463866 0.501958 0.5525098 0.7184051 0.8163047 0.5703097 0.7789249 0 
0 0.7985048 0.4193663 0.6493414 0.7703809 0.6023496 0.5272339 0.5717337 0.5589178 0.6087576 0.6205055 0.5471698 0.8252047 0.7949448 0.4339623 0.752937 0.9277323 0.8141688 0.8661445 0.754717 0.6297615 0.3485226 0.2036312 0.507654 0.6724813 0.6155216 0.6219295 0.754005 0.6311855 0.5386258 0.6931292 0.9231043 0.8526166 0.5489498 0 
0 0.8707725 0.488074 0.4499822 0.5229619 0.6589534 0.6016376 0.5542898 0.508366 0.3851905 0.6838732 0.4289783 0.8205767 0.747597 0.8625845 0.8860804 0.9323603 0.7807049 0.7732289 0.8771805 0.4339623 0.4339623 0.5443218 0.5706657 0.8426486 0.746173 0.5243859 0.6390175 0.6251335 0.6411535 0.7725169 0.6336775 0.7326451 0.6002136 0 
0 0.7867569 0.6472054 0.5161979 0.3417586 0.5250979 0.4393022 0.4133143 0.5788537 0.5671057 0.5923817 0.6561054 0.9558562 0.8084728 0.7920969 0.7999288 0.7262371 0.737273 0.495906 0.5970096 0.7198291 0.6390175 0.6365255 0.740477 0.7251691 0.8732645 0.6949092 0.6201495 0.4118904 0.6101816 0.5966536 0.511214 0.751157 0.5204699 0 
0 0.7629049 0.7087932 0.5382698 0.6984692 0.4752581 0.3770025 0.6411535 0.499466 0.50089 0.5425418 0.8034888 0.9661801 0.7280171 0.7262371 0.8373086 0.753649 0.7967248 0.7856889 0.6123176 0.5443218 0.8059808 0.7782129 0.5720897 0.6635814 0.8586686 0.6119615 0.6532574 0.5097899 0.3470986 0.5671057 0.7265931 0.6831613 0.4574582 0 
0 0.7258811 0.7169811 0.3289427 0.4218583 0.4275543 0.4766821 0.248843 0.5977216 0.5500178 0.6094695 0.8896405 0.9394802 0.7970808 0.8892844 0.7782129 0.8967604 0.9718761 0.7960128 0.8237807 0.5528658 0.6657174 0.5663937 0.6091136 0.500178 0.7020292 0.9028124 0.7842649 0.6660733 0.4360982 0.5389819 0.5396938 0.6019936 0.6682093 0 
0 0.6813813 0.485938 0.3228907 0.4884301 0.6365255 0.2904948 0.6671413 0.4706301 0.6162335 0.5930936 0.5909576 0.8266287 0.8810965 0.8173727 0.6094695 0.8013528 0.7906728 0.7226771 0.743681 0.6155216 0.5275899 0.763261 0.6888573 0.6326095 0.8885725 0.8682805 0.7159131 0.749733 0.6874332 0.6176575 0.3933784 0.6237095 0 0 
0 0.6119615 0.6294055 0.4218583 0.5425418 0.49021 0.6756853 0.6657174 0.6767533 0.6543254 0.485938 0.740833 0.50623 0.6511214 0.6952652 0.9512282 0.9280883 0.8298327 0.8775365 0.9220363 0.8202207 0.8786045 0.754717 0.7070132 0.6667854 0.9765041 0.9174083 0.7212531 0.4410822 0.4784621 0.5849057 0.4692061 0.6682093 0 0 
0 0.2958348 0.5418298 0.511214 0.5204699 0.4400142 0.4478462 0.6400855 0.7130651 0.8291207 0.4770381 0.5129939 0.6286935 0.5923817 0.505162 0.9765041 0.9401922 0.8131008 0.9444642 0.9768601 0.8974724 0.8632966 0.8540406 0.7262371 0.6336775 0.9522962 1 0.8358846 0.6254895 0.4749021 0.5297259 0.5923817 0.8526166 0 0 
0 0.6635814 0.5987896 0.4439302 0.4756141 0.5464578 0.6133856 0.5752937 0.5457458 0.5770737 0.3809185 0.5300819 0.261659 0.4471342 0.5635458 0.9775721 0.9608402 0.9003204 1 0.9793521 0.9241723 0.9761481 0.8672125 0.7191171 0.9679601 0.8782485 0.7992168 0.9124243 0.9782841 0.7814169 0.6674973 0.4813101 0.8440726 0 0 
0 0.6265575 0.4549662 0.5226059 0.3887504 0.5407618 0.4425062 0.6860092 0.5290139 0.488786 0.5307939 0.3015308 0.1071556 0.2719829 0.8878605 0.9569242 0.8803845 0.8964044 0.8996084 0.8383766 0.8202207 1 0 0 0 0 0 0 0 0 0 0 0 0 0 
