gasconade_forestpercentcoverAB.asc
ncols         16
nrows         39
xllcorner     618235.2235
yllcorner     4223717.104
cellsize      1590
NODATA_value  -9999
0 0 0 0 0 0 0 0 0.07903168 0.3766465 0.2677109 0.2812389 0.4521182 0.5293699 0 0 
0.03880385 0.06158775 0 0 0 0 0 0.5920256 0.8761125 0.7176932 0.4111784 0.6885012 0.8362406 0.6304735 0.4360982 0 
0.249911 0.263795 0.3488786 0.4293343 0.1683873 0.505162 0.755429 0.6251335 0.7198291 0.6432894 0.7607689 0.7052332 0.2915628 0.3876824 0.4862941 0 
0.514774 0.7582769 0.6155216 0.2296191 0.491634 0.8401566 0.761125 0.755785 0.751869 0.6885012 0.6286935 0.8604485 0.6867213 0.2826629 0.4222143 0 
0.5781417 0.50623 0.1448914 0.2979708 0.7960128 0.4624422 0.4720541 0.6514774 0.7283731 0.8027768 0.7977928 0.5525098 0.3022428 0.3403346 0.4770381 0 
0.6443574 0.3574226 0.6486294 0.7308651 0.6254895 0.750089 0.3381987 0.7913848 0.8106087 0.7280171 0.6215735 0.3100747 0.3203987 0.5738697 0.6027056 0 
0.1221075 0.741901 0.6326095 0.7846209 0.8889285 0.740477 0.7084371 0.6365255 0.8316126 0.6803133 0.6158775 0.498042 0.740477 0.3944464 0.5418298 0 
0.1587754 0.4061944 0.7814169 0.7703809 0.7928088 0.9106444 0.8960484 0.9430403 0.8020648 0.8298327 0.7849768 0.8123888 0.5336419 0.3470986 0.500534 0 
0.3876824 0.241011 0.1260235 0.6710573 0.9195443 0.7646849 0.7799929 0.6863652 0.7796369 0.5372018 0.7265931 0.7920969 0.5097899 0.6892132 0.506586 0 
0.5642577 0.494838 0.4133143 0.3474546 0.9134923 0.747241 0.8141688 0.9013884 0.7443931 0.4802421 0.734069 0.6653613 0.6788893 0.6959772 0.3898184 0 
0.6023496 0.1712353 0.3342827 0.260947 0.8871484 0.735137 0.8754005 0.8123888 0.6564614 0.4802421 0.8106087 0.7216091 0.6400855 0.503738 0.6041296 0 
0.4154503 0.5628337 0.3720185 0.5396938 0.8999644 0.7920969 0.7208971 0.6012816 0.7411891 0.7141331 0.7789249 0.8487006 0.8120328 0.6404414 0.7180491 0 
0.5795657 0.502314 0.2990388 0.6984692 0.6187255 0.6258455 0.6546814 0.8017088 0.7903168 0.4627981 0.3616945 0.750089 0.8732645 0.6539694 0.5097899 0 
0.49021 0.258811 0.4656461 0.5688857 0.4097544 0.5720897 0.7109292 0.503026 0.7906728 0.6682093 0.7230331 0.765397 0.7867569 0.6831613 0.7216091 0 
0.4713421 0.4652901 0.6760413 0.7219651 0.4542542 0.8237807 0.9220363 0.7433251 0.8907084 0.5283019 0.7960128 0.8910645 0.5165539 0.4624422 0.6094695 0 
0.508366 0.8091848 0.9152724 0.7771449 0.6493414 0.5215379 0.5695977 0.5218939 0.7269491 0.744749 0.5866857 0.5396938 0.512282 0.748665 0.7433251 0 
0.4489142 0.7411891 0.6856533 0.6974012 0.7020292 0.7052332 0.6785333 0.5977216 0.740477 0.7038092 0.5856177 0.7344251 0.6496974 0.6550374 0.7194731 0 
0.4172303 0.7312211 0.9288003 0.8376647 0.6351014 0.7860448 0.8985404 0.9416162 0.6771093 0.6262015 0.252047 0.2224991 0.5920256 0.7824849 0.6318974 0 
0.7319331 0.9312923 0.9832681 0.8515486 0.6489854 0.8907084 0.8622286 0.8479886 0.6539694 0.4375223 0.5760057 0.5290139 0.5450338 0.4364543 0.3912424 0 
0.4588822 0.7860448 0.6532574 0.9117123 0.8365967 0.9636881 0.9145603 0.8540406 0.7091492 0.8294767 0.5692417 0.4150943 0.5856177 0.4706301 0.747953 0 
0.7180491 0.8177288 0.6472054 0.6849412 0.5770737 0.8362406 0.8013528 0.7867569 0.7668209 0.6226415 0.3713065 0.6721253 0.7098612 0.5176219 0.5649697 0 
0.4656461 0.6418654 0.5368459 0.5881097 0.5863296 0.7746529 0.8686365 0.6155216 0.4215023 0.3328587 0.5774297 0.5934497 0.6902812 0.7767889 0.6215735 0 
0.6390175 0.6034176 0.5888216 0.4681381 0.4592382 0.5218939 0.4699181 0.6860092 0.6290495 0.09505162 0.4282663 0.6988252 0.6041296 0.512638 0.6208615 0 
0.4147383 0.8501246 0.6005696 0.6027056 0.4158063 0.7027412 0.8241367 0.756497 0.6831613 0.4474902 0.506586 0.6927732 0.5685297 0.6165895 0.8365967 0 
0.487006 0.760057 0.8380206 0.6119615 0.5236739 0.3976504 0.752937 0.6685653 0.3705945 0.3058028 0.5916696 0.4307583 0.6763973 0.5211819 0.3058028 0 
0.744037 0.7176932 0.6920612 0.5781417 0.4467782 0.6464934 0.6411535 0.3104308 0.2203631 0.7055892 0.4083304 0.5891777 0.6667854 0.4001424 0.6080456 0 
0.3844784 0.753293 0.9530082 0.8202207 0.756853 0.7917408 0.2299751 0.3631186 0.5357779 0.5354218 0.495194 0.6739053 0.1968672 0.6215735 0.7678889 0 
0.4841581 0.6767533 0.6742613 0.5606977 0.6874332 0.5902457 0.510502 0.5624778 0.4506942 0.5404058 0.493058 0.8454966 0.7710929 0.7985048 0.7141331 0.7867569 
0.5752937 0.754717 0.8536846 0.6286935 0.6390175 0.1231755 0.5350659 0.755073 0.6436454 0.6290495 0.6885012 0.6265575 0.752937 0.498398 0.5272339 0.7629049 
0.4179423 0.49911 0.734069 0.7155572 0.8657885 0.5261659 0.7055892 0.7807049 0.6835173 0.8109648 0.7045212 0.759701 0.6792453 0.3969384 0.3399786 0.7258811 
0.4855821 0.3705945 0.4538982 0.6696333 0.8736205 0.8465646 0.8191527 0.5995016 0.8095407 0.4446422 0.3353507 0.5710217 0.4400142 0.7678889 0.4044144 0.6813813 
0.3228907 0.4403702 0.3930224 0.3122107 0.6496974 0.5250979 0.503738 0.4823781 0.4734781 0.6956212 0.7625489 0.4734781 0.6140975 0.6909932 0.5916696 0.6119615 
0.7963688 0.7258811 0.6016376 0.5517978 0.6717693 0.5375578 0.6148095 0.6596653 0.8284087 0.5564258 0.7073691 0.3887504 0.6667854 0.8632966 0.8419366 0.2958348 
0.747953 0.5517978 0.6892132 0.7248131 0.9505162 0.7337131 0.7849768 0.6009256 0.5318619 0.4627981 0.2292631 0.2324671 0.4400142 0.8672125 0.8462086 0.6635814 
0.8187968 0.7066572 0.505162 0.2773229 0.5204699 0.6518334 0.4699181 0.8757565 0.4446422 0.5478818 0.512282 0.6486294 0.251335 0.3264507 0.6682093 0.6265575 
0.6803133 0.753649 0.3118547 0.4809541 0.4069064 0.8070488 0 0 0 0 0 0 0 0 0 0 
0.5977216 0.7668209 0.6899253 0.6618013 0.5831257 0.735137 0 0 0 0 0 0 0 0 0 0 
0.6048416 0.7226771 0.8362406 0.5197579 0.508366 0.4784621 0 0 0 0 0 0 0 0 0 0 
0.6899253 0.6735493 0.8163047 0.6219295 0.5535778 0.3186187 0 0 0 0 0 0 0 0 0 0 
