knox_forestpercentcoverAB.asc
ncols         22
nrows         25
xllcorner     555380.5838
yllcorner     4422673.2808
cellsize      1590
NODATA_value  -9999
0 0 0 0.241367 0.2235671 0.2068352 0.09683161 0.03951584 0.08793165 0.1039516 0.02812389 0.01459594 0.2189391 0.09754361 0.08828764 0.246707 0.1612674 0.05375579 0.01993592 0.1954432 0.3905304 0 
0.237451 0.3937344 0.2043432 0.2306871 0.03132787 0.04129583 0.07155571 0.03310787 0.04236383 0.1046636 0.05909576 0.07689569 0.03310787 0.1808473 0.1142755 0.3631186 0.4150943 0.1651833 0.007831968 0.01566394 0.09113564 0 
0.1591314 0.3428266 0.3161267 0.1747953 0.03951584 0.04877181 0.01922392 0.03595586 0.0989676 0.06906372 0.07689569 0.1601994 0.05945176 0.1402634 0.06158775 0.0758277 0.1730153 0.1826273 0.1719473 0.241011 0.05268779 0 
0.1929512 0.2100392 0.1139195 0.1256675 0.1712353 0.1676753 0.1285155 0.09540762 0.05909576 0.1192595 0.1609114 0.3075828 0.2313991 0.2862228 0.498042 0.1285155 0.02990388 0.05767177 0.4571022 0.2182271 0.239943 0 
0.1545034 0.1865433 0.03488786 0.03417586 0.01281595 0.01957992 0.04734781 0.01601994 0.05411178 0.1263795 0.2370951 0.1812033 0.2125311 0.08579566 0.1100036 0.1569954 0.1071556 0.1135635 0.08615165 0.259523 0.1128515 0 
0.4257743 0.3602706 0.3018868 0.09291563 0.07867569 0.1459594 0.07191171 0.06301175 0.03631185 0.03773585 0.01495194 0.07333571 0.3748665 0.2830189 0.1388394 0.238519 0.3545746 0.1100036 0.249199 0.2139551 0.03239587 0 
0.4375223 0.2926308 0.3470986 0.1669633 0.0501958 0.1085796 0.08437166 0.1822713 0.0505518 0 0.007119971 0.03987184 0.3545746 0.3488786 0.3919544 0.3243147 0.5396938 0.3260947 0.4165183 0.6739053 0.4496262 0 
0.4069064 0.7315771 0.4054824 0.4019224 0.3609826 0.3392667 0.1644713 0.1733713 0.1787113 0.01922392 0.03773585 0.0242079 0.08401567 0.08401567 0.3859025 0.4517622 0.1434674 0.2872908 0.4289783 0.5920256 0.5396938 0.4884301 
0.2164471 0.1181915 0.1331435 0.4716981 0.2737629 0.2171591 0.08899964 0.08401567 0.03915984 0.03559986 0.04129583 0.1149875 0.07867569 0.05233179 0.247063 0.2367391 0.3218227 0.2929868 0.2100392 0.3211107 0.4204343 0 
0.0003559986 0.1438234 0.2111071 0.3036668 0.09291563 0.2719829 0.1317195 0.04093984 0.07867569 0.1142755 0.03702385 0.04093984 0.01886792 0.00498398 0.0252759 0.05980776 0.237451 0.1520114 0.3727305 0.5553578 0.2321111 0 
0.01281595 0.1580634 0.3453186 0.03097188 0.06123175 0.09255963 0.1847633 0.2253471 0.1367034 0.08009968 0.1025276 0.1740833 0.02847989 0.04236383 0.02171591 0.08365966 0.002847989 0.2324671 0.05802777 0.007831968 0.005695977 0 
0.1167675 0.04200783 0.01174795 0.009611961 0.1185475 0.1242435 0.1655393 0.002847989 0.1459594 0.1160555 0.2103952 0.03773585 0.07155571 0.02242791 0.07084372 0.08223567 0.04307583 0.02705589 0.06514774 0.01352795 0.06479174 0 
0.1755073 0.04022784 0.06372374 0.03666785 0.006407974 0.0491278 0.4222143 0.1491634 0.4627981 0.1673193 0.06550374 0.1772873 0.02741189 0.01851193 0.0501958 0.09006764 0.1292275 0.05482378 0.0993236 0.2805269 0.1231755 0 
0.04699181 0.2830189 0.05233179 0.2242791 0.1598434 0.03417586 0.02349591 0.08365966 0.1377714 0.1577074 0.247419 0.2185831 0.3218227 0.02741189 0.08543966 0.3310787 0.245283 0.1324315 0.03559986 0.1459594 0.1587754 0 
0.08721965 0.2791029 0.02278391 0.05802777 0.263795 0.1021716 0.1189035 0.04271983 0.1619793 0.3132787 0.1609114 0.1744393 0.3154147 0.1723033 0.06692773 0.07689569 0.05197579 0.1317195 0.1213955 0.06906372 0.006051976 0 
0.04449982 0.1192595 0.0505518 0.03025988 0.1509434 0.1630473 0.3823425 0.08330367 0.06443574 0.02669989 0.0259879 0.05268779 0.1972232 0.4528302 0.1463154 0.08579566 0.06194375 0.3503026 0.0263439 0.1128515 0.1470274 0 
0.05980776 0.04058384 0.07048772 0.02990388 0.01281595 0.06585974 0.2766109 0.249555 0.1114276 0.02207191 0.01245995 0.003915984 0.0498398 0.3022428 0.4841581 0.04734781 0.1313635 0.0736917 0.03417586 0.1658953 0.0505518 0 
0.1295835 0.09789961 0.3275187 0.1352795 0.03773585 0.01459594 0.07297971 0.1092916 0.1391954 0.2036312 0.1007476 0.03737985 0.05446778 0.07013172 0.2666429 0.1156995 0.239587 0.05375579 0.03097188 0.03025988 0.02242791 0 
0.1715913 0.1495194 0.1569954 0.3132787 0.2214311 0.02349591 0.08259167 0.09611961 0.05802777 0.1356355 0.04627981 0.3485226 0.3392667 0.07831968 0.3161267 0.09861161 0.1085796 0.1003916 0.01922392 0.1238875 0.1470274 0 
0.02135991 0.09683161 0.08223567 0.3025988 0.06407975 0.01423994 0.01957992 0.1285155 0.02954788 0.01103596 0.08223567 0.06443574 0.07013172 0.1267355 0.2328231 0.489142 0.2392311 0.3154147 0.04627981 0.06728373 0.08615165 0 
0.0736917 0.05802777 0.2210751 0.1573514 0.08009968 0 0.0494838 0.06621574 0.01423994 0.02207191 0.03061588 0 0.08615165 0.0242079 0.07404771 0.09718761 0.246707 0.2677109 0.1338555 0.2919188 0.3154147 0 
0.1256675 0.01139195 0.06514774 0.04627981 0.4385903 0.004271983 0 0.0245639 0.0256319 0.01459594 0.1829833 0.01032396 0.06621574 0.2823069 0.1943752 0.3150587 0.2983268 0.3816305 0.3481666 0.3478106 0.491278 0 
0.1050196 0.09006764 0.1196155 0.01601994 0.2926308 0.1744393 0.02919188 0.003203987 0.09042364 0.260591 0.2114632 0.06692773 0.1128515 0.05624777 0.1228195 0.1242435 0.1135635 0.1683873 0.2317551 0.4538982 0.262015 0 
0.1488074 0.1612674 0.4054824 0.1690993 0.06763973 0.2200071 0.08650766 0.006763973 0.001067996 0.02171591 0.07725169 0.1313635 0.1897472 0.08793165 0.08152367 0.1299395 0.3431826 0.4563902 0.2111071 0.2805269 0.2331791 0 
0.04627981 0.0249199 0.05624777 0.3645425 0.05446778 0.1213955 0.01459594 0.1156995 0.00747597 0.08223567 0.0252759 0.01851193 0.05660377 0.1128515 0.1990032 0.1559274 0.2851548 0.4485582 0.1954432 0.07404771 0.1701673 0 
