linn_forestpercentcover.asc
ncols         28
nrows         24
xllcorner     468713.4113
yllcorner     4394471.4734
cellsize      1590
NODATA_value  0
0 0 0 0 0 0 0 0 0 0 0 0 0.1584194 0.1071556 0.0242079 0.03987184 0.1014596 0.05731577 0.4093984 0 0 0 0 0 0 0.07084372 0.3474546 0.6429334 
0.1192595 0.02171591 0.1213955 0.01423994 0.03203987 0.2331791 0.2744749 0.1210395 0.1779993 0.1562834 0.01993592 0.2758989 0.1776433 0.1797793 0.1078676 0.1406194 0.1260235 0.04200783 0.1868993 0.2164471 0.1370595 0.1690993 0.2278391 0.1744393 0.2299751 0.2000712 0.2150231 0.5927376 
0.1171235 0.05589177 0.1509434 0.04627981 0.02919188 0.07226771 0.1192595 0.05482378 0.3499466 0.06799573 0.08294767 0.2687789 0.2855109 0.1495194 0.256319 0.1189035 0.05980776 0.08971164 0.05695977 0.1331435 0.2844429 0.1662513 0.3264507 0.3552866 0.05589177 0.1630473 0.3139907 0.510502 
0.2203631 0.1505874 0.1050196 0.1534354 0.07760769 0.1470274 0.04805981 0.05589177 0.1221075 0.04093984 0.1719473 0.1936632 0.1890352 0.01423994 0.1861873 0.1135635 0.02029192 0.02029192 0.02847989 0.1320755 0.1580634 0.07262371 0.2082592 0.2780349 0.08472766 0.03061588 0.2157351 0.6133856 
0.09647562 0.1181915 0.2014952 0.0751157 0.03880385 0.05411178 0.03524386 0.0501958 0.0252759 0.07725169 0.252759 0.3713065 0.243503 0.0751157 0.1431114 0.1028836 0.02100392 0.008899964 0.06443574 0.06229975 0.4617302 0.2815949 0.2744749 0.1438234 0.09113564 0.01601994 0.01708793 0.6140975 
0.1776433 0.04200783 0.07974368 0.03417586 0.06194375 0.01067996 0.2089712 0.09647562 0.03453186 0.0491278 0.2680669 0.2961908 0.1381274 0.04058384 0.1231755 0.1527234 0.02919188 0.1028836 0.03132787 0.1438234 0.3648985 0.2317551 0.4300463 0.3221787 0.1164115 0.08650766 0.1491634 0.5421858 
0.1545034 0.09077964 0.04734781 0.1167675 0.1124955 0.04129583 0.08899964 0.05980776 0.03524386 0.1370595 0.06016376 0.1046636 0.1698113 0.01993592 0.1014596 0.1043076 0.08187968 0.2894268 0.1075116 0.06407975 0.3250267 0.1146315 0.241723 0.1541474 0.1569954 0.2000712 0.09006764 0.3292987 
0.1092916 0.1164115 0.2107512 0.1420434 0.1416874 0.09291563 0.04378783 0.1648273 0.1189035 0.1541474 0.03666785 0.2160911 0.2139551 0.0505518 0.1367034 0.1021716 0.1658953 0.1516554 0.1135635 0.1324315 0.0989676 0.1035956 0.3332147 0.1516554 0.2363831 0.1986472 0.04734781 0.2228551 
0.07760769 0.03061588 0.1683873 0.1050196 0.2890708 0.09113564 0.2178711 0.2299751 0.1733713 0.2150231 0.06336775 0.2025632 0.1883232 0.06194375 0.03631185 0.2150231 0.1356355 0.1772873 0.1982912 0.1705233 0.1377714 0.08009968 0.3898184 0.2289071 0.1893912 0.2171591 0.1484514 0.1313635 
0.1060876 0.01139195 0.07297971 0.1715913 0.1730153 0.1384834 0.1388394 0.1601994 0.3574226 0.1221075 0.06621574 0.1448914 0.2210751 0.2168031 0.07938768 0.1516554 0.09576362 0.3104308 0.02883589 0.2071912 0.1740833 0.1256675 0.2032752 0.3335707 0.3673905 0.2111071 0.09718761 0.2890708 
0.03524386 0.05197579 0.08081168 0.04699181 0.06265575 0.05945176 0.06194375 0.03025988 0.2819509 0.2338911 0.1765753 0.2203631 0.2128872 0.09255963 0.03417586 0.1384834 0.0505518 0.259523 0.03025988 0.3428266 0.243503 0.06087575 0.07760769 0.1537914 0.03631185 0.00747597 0.05233179 0.3592026 
0.02100392 0.01708793 0.05233179 0.04307583 0.04699181 0.1110716 0.02954788 0.08437166 0.256675 0.08437166 0.2321111 0.09362762 0.1666073 0.1876113 0.01851193 0.04877181 0.08899964 0.1669633 0.06621574 0.3399786 0.2285511 0.08864365 0.1655393 0.1402634 0.05980776 0.1189035 0.1651833 0.7636169 
0.07725169 0.04699181 0.06728373 0.08401567 0.03737985 0.04770381 0.01174795 0.09540762 0.08294767 0.06051976 0.1199715 0.05980776 0.09718761 0.0509078 0.1391954 0.05838377 0.1313635 0.1164115 0.05802777 0.3727305 0.08187968 0.06265575 0.06941972 0.02100392 0.3417586 0.2061232 0.259879 0.6760413 
0.01495194 0.0509078 0.1683873 0.08437166 0.1829833 0.06835172 0.04805981 0.1221075 0.09077964 0.0754717 0.1370595 0.1359915 0.03987184 0.01388394 0.04485582 0.09042364 0.1644713 0.1014596 0.241011 0.249911 0.05233179 0.1285155 0.3930224 0.2794589 0.2346031 0.1559274 0.2175151 0.5500178 
0.02776789 0.03844785 0.1434674 0.252403 0.07796369 0.1114276 0.2292631 0.01708793 0.0494838 0.07796369 0.1149875 0.1167675 0.1879672 0.07013172 0.004627982 0.05375579 0.03061588 0.0494838 0.1812033 0.3236027 0.06194375 0.1071556 0.1822713 0.2855109 0.2872908 0.4186543 0.4688501 0.6358135 
0.01922392 0.0501958 0.1192595 0.1310075 0.08472766 0.1142755 0.256319 0.003203987 0.08971164 0.04378783 0.2039872 0.08686365 0.04485582 0.1278035 0.02100392 0.1260235 0.1384834 0.05375579 0.4759701 0.2716269 0.2192951 0.1804913 0.1580634 0.2257031 0.3403346 0.257743 0.2847989 0 
0.05802777 0.009255963 0.02669989 0.1110716 0.05446778 0.04734781 0.1434674 0.006763973 0.006763973 0.1530794 0.1416874 0.09291563 0.2121751 0.05553578 0.0498398 0.02385191 0.04449982 0.07155571 0.1146315 0.05660377 0.1046636 0.1498754 0.0744037 0.1755073 0.3179067 0.2723389 0.1409754 0 
0.04485582 0.007831968 0.03239587 0.04022784 0.1270915 0.1114276 0.05446778 0.01815593 0.05446778 0.2025632 0.05731577 0.05767177 0.03559986 0.07297971 0.07048772 0.02135991 0.05767177 0.2189391 0.2744749 0.05126379 0.2324671 0.2751869 0.1313635 0.1947312 0.2157351 0.06194375 0.07013172 0 
0.1139195 0.06835172 0.1043076 0.03809185 0.009255963 0.0505518 0.0509078 0.001779993 0.1829833 0.1441794 0.09540762 0.06194375 0.1185475 0.06692773 0.06692773 0.0501958 0.03275187 0.1427554 0.240299 0.244571 0.512638 0.06229975 0.0993236 0.3090068 0.03987184 0.02776789 0.1765753 0 
0.01673193 0.0259879 0.1317195 0.0259879 0.03524386 0.07903168 0.0249199 0.01744393 0.1683873 0.08686365 0.09077964 0.07297971 0.3357067 0.04378783 0.06514774 0.05731577 0.05411178 0.1673193 0.2303311 0.02883589 0.0751157 0.1174795 0.07867569 0.4439302 0.1349235 0.01601994 0.2734069 0 
0.06194375 0.02812389 0.03987184 0.005695977 0.05446778 0.03239587 0.02207191 0.001779993 0.3025988 0.1712353 0.03631185 0.1772873 0.1908152 0.04841581 0.04556782 0.0754717 0.1018156 0.1071556 0.08864365 0.1299395 0.06514774 0.05233179 0.03631185 0.05446778 0.09861161 0.505874 0.5656818 0 
0.01388394 0.05838377 0.02919188 0.01103596 0.03346387 0.03381987 0 0.04663581 0.06051976 0.03915984 0.06229975 0.1737273 0.06194375 0.04378783 0.04556782 0.1082236 0.01530794 0.02171591 0.06443574 0.03524386 0.09255963 0.0494838 0.02135991 0.1794233 0.1523674 0.3328587 0.5443218 0 
0.006407974 0.09255963 0.2278391 0.05624777 0.1189035 0 0.00249199 0.001423994 0.06443574 0.03025988 0.04521182 0.1082236 0.04877181 0.0242079 0.07689569 0.05660377 0.006407974 0.1050196 0.1292275 0.1107156 0.2367391 0.1619793 0.02669989 0.08899964 0.08187968 0.1530794 0.244571 0 
0.01922392 0.01352795 0.05802777 0.04165183 0.01459594 0.005695977 0.008899964 0.02171591 0.006051976 0.03737985 0.06407975 0.01530794 0.03310787 0.008899964 0.04663581 0.001779993 0.01352795 0.1925952 0.1911712 0.1039516 0.1452474 0.0491278 0.04556782 0.05802777 0.2046992 0.1523674 0.3780705 0 
