livingston_forestpercentcoverAB.asc
ncols         27
nrows         25
xllcorner     434908.8621
yllcorner     4384838.5266
cellsize      1590
NODATA_value  -9999
0 0 0 0 0 0 0 0.07796369 0.1078676 0.1737273 0.03168387 0.01673193 0.01174795 0.08757565 0.1566394 0.1349235 0.1559274 0.05767177 0.1897472 0.1320755 0.3460306 0.1245995 0 0 0 0 0 
0.255963 0.257387 0.1342115 0.3855464 0.5656818 0.5571378 0.2958348 0.2296191 0.1014596 0.02669989 0.03097188 0.04414382 0.09255963 0.0245639 0.05553578 0.01281595 0.1025276 0.004271983 0.3025988 0.1726593 0.08828764 0.2613029 0 0 0 0 0 
0.4517622 0.2367391 0.0501958 0.1388394 0.1747953 0.3531506 0.3161267 0.4417942 0.1858313 0.004271983 0.05909576 0.02741189 0.02349591 0.07226771 0.01815593 0.007119971 0.01174795 0.01388394 0.2107512 0.05411178 0.06158775 0.08508366 0 0 0 0 0 
0.6173015 0.2876469 0.03168387 0.6126735 0.50267 0.03631185 0.06692773 0.5977216 0.6959772 0.03595586 0.1135635 0.05624777 0.01922392 0.1520114 0.0263439 0.05304379 0.04805981 0.001779993 0.01032396 0.09540762 0.04307583 0.02705589 0 0 0 0 0 
0.5190459 0.1833393 0.08543966 0.3250267 0.3634745 0.2901388 0.1498754 0.5966536 0.5596297 0.1666073 0.03132787 0.09398362 0.04699181 0.1167675 0.009255963 0.01459594 0.04841581 0.02741189 0.2228551 0.08721965 0.07013172 0.04627981 0 0 0 0 0 
0.255963 0.49199 0.1352795 0.5948736 0.3079388 0.5692417 0.2321111 0.743681 0.2079032 0.1890352 0.0245639 0.2039872 0.05517978 0.0736917 0.007831968 0.04271983 0 0.02669989 0.1772873 0.0252759 0.05304379 0.006763973 0 0 0 0 0 
0.3851905 0.4243503 0.1534354 0.4271983 0.2143111 0.3104308 0.1961552 0.4457102 0.2310431 0.01317195 0.2673549 0.3250267 0.2050552 0.1043076 0.009611961 0.009611961 0.01566394 0.07297971 0.07262371 0.1124955 0.02883589 0 0 0 0 0 0 
0.4289783 0.6062656 0.3211107 0.3844784 0.1794233 0.4264863 0.1288715 0.3467426 0.3061588 0.01815593 0.1872552 0.3015308 0.1317195 0.04165183 0.0242079 0.04307583 0.06692773 0.03025988 0.1110716 0.1480954 0.04663581 0 0 0 0 0 0 
0.07938768 0.2192951 0.4264863 0.1918832 0.1523674 0.515842 0.1940192 0.2328231 0.1313635 0.01601994 0.1249555 0.06479174 0.07867569 0.06229975 0.09077964 0.1619793 0.2335351 0.1470274 0.1132075 0.1854753 0.03631185 0 0 0 0 0 0 
0.007119971 0.006051976 0.1779993 0.1174795 0.1851193 0.2185831 0.1893912 0.1121396 0.1206835 0.3100747 0.0744037 0.1388394 0.08793165 0.09291563 0.05980776 0.03346387 0.1566394 0.2378071 0.01708793 0.09469562 0.03346387 0 0 0 0 0 0 
0.02313991 0 0 0.03666785 0.09184764 0.237451 0.08935564 0.02385191 0.1701673 0.3157707 0.0491278 0.1135635 0.03488786 0.2132431 0.1523674 0.04521182 0.06479174 0.03132787 0.06051976 0.2022072 0.03239587 0 0 0 0 0 0 
0.04485582 0.01886792 0.005695977 0.01779993 0.02741189 0.1655393 0.07760769 0.06265575 0.0494838 0.2716269 0.1982912 0.04521182 0.02812389 0.08401567 0.1452474 0.01530794 0.03025988 0.0245639 0.01851193 0.09611961 0.02064792 0 0 0 0 0 0 
0.3015308 0.1416874 0.02029192 0.01352795 0.06977572 0.01673193 0.03595586 0.002135991 0.01423994 0.02669989 0.01779993 0.0256319 0.04805981 0.08971164 0.1459594 0 0.008543965 0.03880385 0.02705589 0.02919188 0.03666785 0 0 0 0 0 0 
0.3456746 0.498398 0.3987184 0.1445354 0.03488786 0.002847989 0.01673193 0.01637593 0.0249199 0.01922392 0.01815593 0.05233179 0.01388394 0.09220363 0.04307583 0.01352795 0.002847989 0.02029192 0.02954788 0.0003559986 0.006407974 0 0 0 0 0 0 
0.06585974 0.4627981 0.4485582 0.3438946 0.3837665 0.2734069 0.2249911 0.06763973 0.0245639 0.02207191 0.05197579 0.03773585 0.04521182 0.02171591 0.1078676 0.06372374 0.01957992 0.0007119972 0.01317195 0 0.06265575 0 0 0 0 0 0 
0.01708793 0.1473834 0.1648273 0.04663581 0.05339979 0.3716625 0.3581346 0.2869349 0.08223567 0.01281595 0.02100392 0.07689569 0.06621574 0.02207191 0.09469562 0.01032396 0.001779993 0 0.04663581 0.02385191 0.003203987 0 0 0 0 0 0 
0.08828764 0.05909576 0.1594874 0.0989676 0.1174795 0.1174795 0.04805981 0.0744037 0 0.02883589 0.07155571 0.03880385 0.01459594 0.06016376 0.08472766 0.02313991 0.006407974 0.01673193 0.005339979 0.03025988 0.02776789 0 0 0 0 0 0 
0.1035956 0.1872552 0.1384834 0.06657173 0.1224635 0.1267355 0.08330367 0 0.05945176 0.1189035 0.1142755 0.2039872 0.08864365 0.06051976 0.03844785 0.1210395 0.02135991 0.0256319 0.1192595 0.1740833 0.07297971 0 0 0 0 0 0 
0.1242435 0.3905304 0.1851193 0.03737985 0.04485582 0.08971164 0.03987184 0.04521182 0.0249199 0.0758277 0.1797793 0.1256675 0.09469562 0.1441794 0.09006764 0.1267355 0.1313635 0.09718761 0.09754361 0.1317195 0.1577074 0 0 0 0 0 0 
0.2783909 0.2897829 0.1452474 0.1552154 0.02313991 0.06158775 0.01530794 0.01139195 0.03631185 0.1580634 0.1007476 0.0509078 0.1256675 0.06336775 0.1694553 0.04734781 0.05624777 0.1893912 0.3510146 0.09718761 0.253827 0.1096476 0.1388394 0.06550374 0.00249199 0.001779993 0 
0.09683161 0.1263795 0.03809185 0.01993592 0.02385191 0.03453186 0 0.242079 0.0736917 0.03025988 0.1338555 0.09255963 0.3029548 0.262727 0.1477394 0.08259167 0.1413314 0.2271271 0.241367 0.3268067 0.1484514 0.1883232 0.1872552 0.1616234 0.250979 0.09683161 0 
0.03737985 0.1011036 0.05589177 0.04236383 0.02812389 0.01495194 0.05838377 0.1331435 0.08365966 0.1028836 0.03025988 0.1174795 0.50801 0.2669989 0.1947312 0.05268779 0.03987184 0.06870773 0.1267355 0.2143111 0.09184764 0.3107868 0.09077964 0.02349591 0.1545034 0.07262371 0 
0.01922392 0.008543965 0.02669989 0.001779993 0 0.01530794 0.09149163 0.08437166 0.02812389 0.0494838 0.2997508 0.491278 0.3609826 0.3666785 0.3296547 0.04236383 0.08543966 0.1003916 0.04165183 0.07725169 0.03381987 0.2018512 0.03915984 0.02812389 0.07191171 0.02207191 0 
0.1050196 0.08793165 0.0751157 0.03310787 0.02385191 0.1142755 0.07155571 0.09611961 0.1516554 0.2969028 0.5756497 0.247775 0.1705233 0.3588466 0.1363475 0.07404771 0.08508366 0.1278035 0.1100036 0.2057672 0.0252759 0.1132075 0.3271627 0.03773585 0.05660377 0.1391954 0 
0.2200071 0.09362762 0.06941972 0.06870773 0.06692773 0.04485582 0.07084372 0.1053756 0.1292275 0.5692417 0.2356711 0.241723 0.3431826 0.1673193 0.2951228 0.2160911 0.05517978 0.08757565 0.3905304 0.1416874 0.1509434 0.03773585 0.00249199 0.0744037 0.08187968 0.06087575 0.05126379 
