miller_forestpercentcoverAB.asc
ncols         28
nrows         29
xllcorner     526614.0286
yllcorner     4207930.015
cellsize      1590
NODATA_value  -9999
0 0 0 0 0.3567106 0.2922748 0.2808829 0.1662513 0.239587 0.1132075 0.1683873 0.4133143 0.241367 0.4749021 0 0 0 0 0 0 0 0 0 0 0 0 0 0 
0 0 0 0 0.3061588 0.4585262 0.2912068 0.4304023 0.1826273 0.1858313 0.3292987 0.4190103 0.4268423 0.3086508 0.4108224 0.2734069 0 0 0 0 0 0 0 0 0 0 0 0 
0 0 0 0.1655393 0.1441794 0.3346387 0.3841225 0.5108579 0.3075828 0.2257031 0.3381987 0.3260947 0.3641866 0.244215 0.251335 0.1306515 0 0 0 0 0 0 0 0 0 0 0 0 
0 0 0 0.259879 0.2758989 0.0996796 0.1452474 0.3232467 0.2249911 0.2118192 0.1701673 0.2904948 0.3581346 0.4304023 0.2922748 0.2086152 0 0 0 0 0 0 0 0 0 0 0 0 
0 0 0 0.06087575 0.2253471 0.1491634 0.06443574 0.04093984 0.1003916 0.05624777 0.09327163 0.2830189 0.4478462 0.248131 0.4215023 0.3129227 0 0 0 0 0 0 0 0 0 0 0 0 
0 0 0 0.3638305 0.2734069 0.242791 0.03524386 0.1623354 0.1708793 0.3798505 0.1363475 0.2812389 0.508366 0.4026344 0.6771093 0.5229619 0 0 0 0 0 0 0 0 0 0 0 0 
0.8729085 0.740477 0.1285155 0.3036668 0.2869349 0.1836953 0.1256675 0.3948024 0.6945532 0.6390175 0.5635458 0.6703453 0.6909932 0.6105375 0.6019936 0.7080812 0.3385547 0 0 0 0 0 0 0 0 0 0 0 
0.995016 0.8921325 0.3527946 0.2000712 0.4692061 0.2737629 0.4432182 0.6333215 0.758989 0.752937 0.758989 0.6404414 0.5414738 0.7176932 0.6941972 0.3673905 0.6721253 0.5678177 0.5550018 0.3762905 0.5204699 0.4097544 0.501602 0.4695621 0 0.5617657 0.7312211 0.6685653 
0.8376647 0.6514774 0.7055892 0.6500534 0.6543254 0.4773941 0.6144536 0.7607689 0.8914204 0.8789605 0.8294767 0.8223567 0.8049128 0.8761125 0.738341 0.5258099 0.489498 0.509078 0.4058384 0.3414026 0.6568174 0.6130295 0.3275187 0.505162 0.3876824 0.6639373 0.6479174 0.6553934 
0.7319331 0.7945888 0.6817372 0.6472054 0.6251335 0.7184051 0.748665 0.5453898 0.5542898 0.8600926 0.7764329 0.8689925 0.9209683 0.8355287 0.7276611 0.5863296 0.5824137 0.6123176 0.7390531 0.5649697 0.5450338 0.7668209 0.4410822 0.49733 0.4613742 0.2634389 0.6407974 0.6838732 
0.6952652 0.8049128 0.6151655 0.6062656 0.8155928 0.7262371 0.736205 0.6988252 0.4197223 0.8551086 0.8483446 0.8433606 0.9786401 0.995372 0.6845853 0.7689569 0.8049128 0.8899965 0.7839088 0.753649 0.5642577 0.488786 0.6657174 0.6183695 0.495194 0.2303311 0.5621217 0.6358135 
0.6529014 0.7219651 0.6820933 0.8202207 0.8561766 0.7433251 0.6739053 0.6390175 0.6066216 0.6126735 0.5628337 0.7917408 0.7686009 0.8479886 0.8871484 0.5311499 0.5215379 0.5243859 0.3834105 0.8070488 0.6810253 0.4225703 0.7073691 0.4645782 0.4460662 0.5788537 0.4841581 0.5984336 
0.8757565 0.8422926 0.747241 0.9038804 0.9266643 0.8216447 0.6710573 0.7023852 0.4731221 0.515842 0.6283375 0.6518334 0.8394446 0.749377 0.4360982 0.7390531 0.8668565 0.9174083 0.6504094 0.3481666 0.4058384 0.3955144 0.7169811 0.5838377 0.4727661 0.4037024 0.4506942 0 
0.6226415 0.8152367 0.7878249 0.6735493 0.6917052 0.7953008 0.6126735 0.6678534 0.7935208 0.6468494 0.8024208 0.7700249 0.8622286 0.5987896 0.6831613 0.6504094 0.7646849 0.9131364 0.8440726 0.9021004 0.5453898 0.6803133 0.6365255 0.5404058 0.7401211 0.6222855 0.7401211 0 
0.2232111 0.3830545 0.6240655 0.7860448 0.757565 0.5752937 0.6760413 0.7742969 0.495194 0.7831969 0.6440014 0.8615165 0.6917052 0.5339979 0.750445 0.765397 0.8109648 0.8846565 0.7604129 0.9191883 0.7675329 0.6717693 0.7920969 0.5952296 0.5286579 0.5610538 0.7910289 0 
0 0 0 0.1349235 0.6450694 0.6290495 0.6810253 0.9455322 0.8672125 0.5902457 0.7999288 0.6746173 0.4567462 0.6425774 0.6717693 0.7109292 0.6244215 0.7607689 0.7119972 0.7305091 0.8365967 0.7251691 0.5546458 0.6610894 0.6351014 0.6493414 0.6746173 0 
0 0 0 0.4318263 0.513706 0.3887504 0.6511214 0.8244927 0.8967604 0.6276255 0.4642221 0.7155572 0.7258811 0.6504094 0.6073335 0.6244215 0.3086508 0.6297615 0.6561054 0.745461 0.7657529 0.6674973 0.5870417 0.5806337 0.7369171 0.4645782 0.6696333 0 
0 0 0 0.3122107 0.7109292 0.6237095 0.8697045 0.8038448 0.9280883 0.8899965 0.8736205 0.8800285 0.7241011 0.3524386 0.6393734 0.5966536 0.7048772 0.6913492 0.4467782 0.753293 0.8864365 0.6233535 0.2855109 0.747241 0.6176575 0.4563902 0.5870417 0 
0 0 0 0 0 0.6952652 0.741545 0.7358491 0.8739765 0.8120328 0.9366323 0.7707369 0.6197935 0.4571022 0.487006 0.7216091 0.8066928 0.6575294 0.4627981 0.4001424 0.513706 0.6108935 0.6482734 0.3734425 0.5873976 0.4528302 0.5297259 0 
0 0 0 0 0 0.4350303 0.7871128 0.6799573 0.8373086 0.9202563 0.9248843 0.4642221 0.5624778 0.4795301 0.4741901 0.4528302 0.5496618 0.5663937 0.6543254 0.759701 0.4788181 0.495194 0.6945532 0.4417942 0.3100747 0.2773229 0.5286579 0.4538982 
0 0 0 0 0 0 0.5952296 0.8739765 0.9277323 0.7985048 0.6692773 0.499466 0.7582769 0.4453542 0.4734781 0.5250979 0.5728017 0.6892132 0.7041652 0.6180135 0.489854 0.6664293 0.4264863 0.6568174 0.7208971 0.517978 0.4126023 0.6258455 
0 0 0 0 0 0 0.9576362 0.9369882 0.8782485 0.8141688 0.7443931 0.7208971 0.254183 0.3549306 0.4118904 0.5453898 0.6589534 0.5439658 0.4346743 0.7714489 0.5663937 0.3940904 0.6119615 0.6457814 0.5656818 0.7671769 0.5756497 0.485938 
0 0 0 0 0 0 0.9419723 0.8832325 0.9223923 0.764329 0.5909576 0.7739409 0.5881097 0.4702741 0.5517978 0.7347811 0.6027056 0.2801709 0.6415094 0.742613 0.5560698 0.2694909 0.503382 0.5258099 0.4588822 0.5485938 0.499822 0.5297259 
0 0 0 0 0 0 0 0.9380562 0.6429334 0.8714845 0.751157 0.7255251 0.511214 0.7162691 0.8056248 0.8070488 0.3659665 0.7995728 0.5372018 0.5496618 0.5379139 0.2114632 0.4631541 0.497686 0.4684941 0.6051976 0.5955856 0.4752581 
0 0 0 0 0 0 0 0.7992168 0.6607333 0.8155928 0.8106087 0.762193 0.7604129 0.6785333 0.742613 0.6429334 0.4104664 0.5272339 0.4204343 0.489142 0.2321111 0.242435 0.4524742 0.257031 0.4514062 0.491278 0.6842293 0.5628337 
0 0 0 0 0 0 0 0 0.7899609 0.744037 0.8074048 0.7725169 0.8565326 0.6440014 0.5834817 0.6415094 0.3659665 0.5841936 0.4841581 0.5354218 0.504094 0.3485226 0.4154503 0.6415094 0.494126 0.5724457 0.758633 0.5119259 
0 0 0 0 0 0 0 0 0 0.492346 0.6041296 0.6457814 0.7223211 0.8138127 0.6030616 0.3503026 0.4442862 0.6002136 0.7390531 0.4738341 0.3563546 0.4734781 0.5503738 0.5368459 0.6970452 0.6365255 0.8333927 0.748665 
0 0 0 0 0 0 0 0 0 0 0.5827697 0.752225 0.760057 0.8063368 0.8412246 0.6108935 0.4716981 0.6881452 0.4517622 0.5571378 0.2976148 0.3766465 0.6429334 0.514774 0.2680669 0.5888216 0.5194019 0.6635814 
0 0 0 0 0 0 0 0 0 0 0 0 0 0 0 0 0 0 0 0 0 0 0 0 0 0.5464578 0.3114988 0.4090424 
