morgan_forestpercentcoverAB.asc
ncols         25
nrows         35
xllcorner     493188.8477
yllcorner     4226467.6704
cellsize      1590
NODATA_value  -9999
0 0.04770381 0.08259167 0.2851548 0.2812389 0.3396226 0.494482 0.6564614 0.3695265 0.06585974 0.242435 0.1662513 0.01281595 0 0 0 0 0 0 0 0 0 0 0 0 
0 0.2370951 0.2071912 0.3866144 0.2271271 0.2840869 0.1918832 0.4204343 0.6610894 0.3538626 0.08686365 0.04734781 0.3168387 0 0 0 0 0 0 0 0 0 0 0 0 
0 0.2111071 0.2139551 0.4542542 0.3093628 0.3602706 0.260947 0.4802421 0.3125668 0.3307227 0.1997152 0.2153791 0.6019936 0 0 0 0 0 0 0 0 0 0 0 0 
0 0.2132431 0.2787469 0.1933072 0.3780705 0.2303311 0.5952296 0.5190459 0.3962264 0.3606265 0.3378426 0.3559986 0.495194 0 0 0 0 0 0 0 0 0 0 0 0 
0 0.2897829 0.2306871 0.256675 0.5446778 0.4165183 0.6226415 0.4410822 0.3844784 0.5379139 0.4610181 0.5432538 0.6116055 0 0 0 0 0 0 0 0 0 0 0 0 
0 0.2004272 0.2741189 0.4129584 0.3659665 0.6468494 0.6532574 0.4588822 0.5261659 0.2922748 0.4745461 0.742613 0.5233179 0 0 0 0 0 0 0 0 0 0 0 0 
0 0.4054824 0.2338911 0.2378071 0.5186899 0.5920256 0.3777145 0.4834461 0.4204343 0.6144536 0.5347099 0.5799217 0.5507298 0 0 0 0 0 0 0 0 0 0 0 0 
0 0.6963332 0.2794589 0.7030972 0.3246707 0.3503026 0.4158063 0.7981488 0.3851905 0.8355287 0.3503026 0.5250979 0.491634 0.6845853 0 0 0 0 0 0 0 0 0 0 0 
0 0.3987184 0.6525454 0.3207547 0.3997864 0.6867213 0.3677465 0.6529014 0.4773941 0.6215735 0.3246707 0.3876824 0.4083304 0.51335 0.1160555 0 0 0 0 0 0 0 0 0 0 
0 0.256675 0.6123176 0.504094 0.6009256 0.7201851 0.6390175 0.6087576 0.5596297 0.6294055 0.6283375 0.2762549 0.1231755 0.07155571 0.1480954 0.1968672 0 0 0 0 0 0 0 0 0 
0 0.4638661 0.6400855 0.6486294 0.264863 0.504094 0.745461 0.5795657 0.6689214 0.4378783 0.5272339 0.7244571 0.2207191 0.05482378 0.1438234 0.3399786 0.1509434 0 0 0 0 0 0 0 0 
0 0.3371307 0.7725169 0.8198647 0.487718 0.6027056 0.8618726 0.3994304 0.5984336 0.5283019 0.750801 0.7678889 0.2890708 0.1751513 0.1623354 0.1552154 0.1124955 0.09718761 0 0 0 0 0 0 0 
0 0.5507298 0.5642577 0.5375578 0.4072624 0.9416162 0.8736205 0.6051976 0.2641509 0.6774653 0.8704165 0.2246351 0.0765397 0.1491634 0.1295835 0.06016376 0.1338555 0.0754717 0.05695977 0 0 0 0 0 0 
0.5218939 0.5824137 0.6667854 0.4599501 0.5713777 0.7422571 0.3342827 0.256319 0.6386614 0.4140263 0.494126 0.2022072 0.06123175 0.2356711 0.01815593 0.01566394 0.02705589 0.03061588 0.08259167 0.003915984 0 0 0 0 0 
0.6642933 0.7803489 0.7176932 0.3905304 0.5631897 0.5322179 0.2007832 0.4517622 0.5977216 0.7116411 0.5183339 0.07262371 0.1409754 0.1491634 0.0765397 0.02278391 0.04165183 0.1060876 0.02278391 0.00498398 0.0744037 0 0 0 0 
0.6646494 0.9437522 0.6600214 0.5275899 0.6885012 0.3335707 0.251691 0.7080812 0.2791029 0.7048772 0.5913137 0.2904948 0.0747597 0.1819153 0.02954788 0.02349591 0.02385191 0.02100392 0.03809185 0.2645069 0.2061232 0.1854753 0 0 0 
0.4318263 0.8009968 0.7070132 0.4695621 0.3260947 0.4076184 0.5354218 0.494838 0.2758989 0.5404058 0.6642933 0.05411178 0.09362762 0.1018156 0.1790673 0.004271983 0.01067996 0.006051976 0.2349591 0.1876113 0.09291563 0.2623709 0.2296191 0 0 
0 0.6390175 0.3720185 0.1260235 0.1712353 0.256319 0.3225347 0.3766465 0.1463154 0.3613386 0.3851905 0.01139195 0.1925952 0.05268779 0.3367746 0.6048416 0.2232111 0.1367034 0.1028836 0.01103596 0.1566394 0.2780349 0.1071556 0.02135991 0 
0.3082948 0.3538626 0.4389462 0.04663581 0.1267355 0.1142755 0.1822713 0.4432182 0.4613742 0.09683161 0.09861161 0.08116768 0.1231755 0.3410466 0.5407618 0.6888573 0.6806692 0.01637593 0.02171591 0.09683161 0.2228551 0.0989676 0.01886792 0.03559986 0.2246351 
0.248487 0.3648985 0.264863 0.2349591 0.03453186 0.01067996 0.1883232 0.6311855 0.9102883 0.6016376 0.4193663 0.6176575 0.6945532 0.7636169 0.8163047 0.8098968 0.8066928 0.1979352 0.02741189 0.08935564 0.03488786 0.1719473 0.02029192 0.04022784 0.3004628 
0.1694553 0.1423994 0.6849412 0.754005 0.1957992 0.3093628 0.8679245 0.9476682 0.8220007 0.7835529 0.9359202 0.9587042 0.6963332 0.6343895 0.6507654 0.6205055 0.7251691 0.5553578 0.4432182 0.2342471 0.05517978 0.0494838 0.006407974 0.1007476 0 
0.8205767 0.8276967 0.8682805 0.8316126 0.756497 0.8451406 0.9811321 0.9444642 0.7134212 0.8604485 0.9359202 0.8971164 0.6361694 0.507298 0.6984692 0.6885012 0.6600214 0.7995728 0.8675686 0.8629405 0.6436454 0.3168387 0.08686365 0.1897472 0 
0.8924884 0.8693485 0.7422571 0.7073691 0.8127447 0.8038448 0.8789605 0.8618726 0.7828408 0.6863652 0.9288003 0.9241723 0.8882164 0.7618369 0.9611962 0.8230687 0.7721609 0.7999288 0.7618369 0.2887149 0.5585617 0.7255251 0.3688145 0.0263439 0 
0.8526166 0.8291207 0.6852973 0.8191527 0.5852616 0.9035244 0.747597 0.9793521 0.9195443 0.8123888 0.7625489 0.9092203 0.8782485 0.8832325 0.9579922 0.8244927 0.9469562 0.9053044 0.8568886 0.8494126 0.9060163 0.7671769 0.7269491 0.06870773 0 
0.7664649 0.8675686 0.8437166 0.8476326 0.7048772 0.8351727 0.7831969 0.6938412 0.9277323 0.7899609 0.8814525 0.754717 0.6753293 0.8643646 0.9234603 0.7764329 0.9138483 0.9024564 0.7967248 0.7315771 0.6440014 0 0 0 0 
0.995728 0.8892844 0.8237807 0.746173 0.8134568 0.8875045 0.8964044 0.7714489 0.9145603 0.8789605 0.8814525 0.8383766 0.8330367 0.6585974 0.8882164 0.6489854 0.8212887 0.9099324 0.8511926 0.6892132 0.7953008 0 0 0 0 
0.9348522 0.8230687 0.8682805 0.9423282 0.988252 0.8746885 0.9487362 0.8818085 0.8394446 0.9152724 0.8522606 0.8629405 0.9551442 0.9031684 0.50801 0.3360627 0.8540406 0.9206123 0.8754005 0.8237807 0.8825205 0 0 0 0 
0.8768245 0.9494482 0.7981488 0.9220363 0.9551442 0.8914204 0.9594162 0.8782485 0.8775365 0.8597366 0.8974724 0.8746885 0.9263083 0.7953008 0.8187968 0.6368815 0.7066572 0.5567818 0.5624778 0.6796013 0.8786045 0 0 0 0 
0.9263083 0.9216803 0.8803845 0.8248487 0.7675329 0.9270203 0.8113208 0.8248487 0.988964 0.9166963 0.9149163 0.8159487 0.8422926 0.754717 0.7821289 0.5382698 0.2709149 0.747953 0.8020648 0.9199003 0.7778569 0 0 0 0 
0 0 0.6977572 0.6949092 0.9686721 0.9601282 0.9127803 0.8608046 0.9501602 0.8892844 0.7255251 0.8992524 0.9387683 0.9401922 0.7831969 0.6368815 0.3780705 0.3228907 0.6059096 0.9316483 0.9028124 0 0 0 0 
0 0 0 0.51335 0.9320043 0.9426842 0.9377003 0.7365611 0.9124243 0.9533642 0.9401922 0.9348522 0.8857245 0.7864009 0.8643646 0.8109648 0.6721253 0.3075828 0.1950872 0.8198647 0.8095407 0 0 0 0 
0 0 0 0 0.8647205 0.9028124 0.9188323 0.5806337 0.8341047 0.9711641 0.9537202 0.8348166 0.9170523 0.8600926 0.8864365 0.6977572 0.6340334 0.495194 0.1812033 0.5631897 0.3869705 0 0 0 0 
0 0 0 0 0 0.742969 0 0 0.6148095 0.9526522 0.9184763 0.9522962 0.8490566 0.7344251 0.7910289 0.513706 0.8394446 0.6354575 0.1160555 0 0 0 0 0 0 
0 0 0 0.5888216 0.502314 0.497686 0 0 0.6514774 0.8800285 0.8992524 0.9608402 0.8344607 0.7390531 0.754361 0.8625845 0.6810253 0.1708793 0 0 0 0 0 0 0 
0 0 0 0.3107868 0.740833 0 0 0 0 0 0 0 0 0 0.7290851 0.8729085 0.5375578 0 0 0 0 0 0 0 0 
