osage_forestpercentcoverAB.asc
ncols         30
nrows         29
xllcorner     570378.1875
yllcorner     4238328.4801
cellsize      1590
NODATA_value  -9999
0 0 0 0 0 0 0 0 0 0 0 0 0 0 0 0 0 0 0 0 0 0 0 0 0.238875 0.257743 0.2331791 0.1555714 0.2908508 0.4749021 
0 0 0 0 0 0 0 0 0 0 0 0 0 0 0 0 0 0 0 0 0.002135991 0.0007119972 0.02064792 0.007831968 0.06906372 0.0744037 0 0 0.0007119972 0.003203987 
0 0 0 0 0 0 0 0 0 0 0 0 0 0 0 0 0 0 0.01245995 0.03417586 0.00498398 0.05375579 0.1018156 0.2353151 0.3866144 0.4414382 0.3648985 0.2200071 0.3008188 0.1769313 
0 0 0 0 0 0 0 0 0 0 0 0 0 0 0 0 0 0.04236383 0.01779993 0.247063 0.5906016 0.6486294 0.3349947 0.4457102 0.7055892 0.5820577 0.7337131 0.5973656 0.5752937 0.2758989 
0 0 0 0 0 0 0 0 0 0 0 0 0 0 0 0 0.01566394 0.3122107 0.7080812 0.5528658 0.8600926 0.6144536 0.5742257 0.4830901 0.6728373 0.6550374 0.7347811 0.7123532 0.5500178 0.5418298 
0 0 0 0 0 0 0 0 0 0 0 0 0 0 0 0 0.4482022 0.7265931 0.8205767 0.6788893 0.7881808 0.7725169 0.6372374 0.755785 0.7992168 0.746529 0.4781061 0.3175507 0.3969384 0.7223211 
0 0 0 0 0 0 0 0 0 0 0 0 0 0 0 0.3442506 0.7173371 0.7169811 0.8148807 0.6286935 0.488786 0.5550018 0.7903168 0.7814169 0.7023852 0.6660733 0.5428978 0.4460662 0.5941616 0.487718 
0 0 0 0 0 0 0 0 0 0 0 0 0 0 0.4232823 0.4111784 0.4556782 0.7283731 0.8725525 0.6479174 0.5457458 0.8027768 0.8768245 0.7824849 0.5322179 0.49733 0.500534 0.4229263 0.6436454 0.501246 
0 0 0 0 0 0 0 0 0 0 0 0.04236383 0.09398362 0.4229263 0.5877537 0.3157707 0.6372374 0.7967248 0.3919544 0.6860092 0.7970808 0.9003204 0.8227127 0.8444286 0.7116411 0.5881097 0.6062656 0.7956568 0.3424706 0.4773941 
0 0 0 0 0 0 0 0 0 0 0 0.07155571 0.4581702 0.6664293 0.4254183 0.5834817 0.7280171 0.5699537 0.3773585 0.6126735 0.5763617 0.7689569 0.6180135 0.8116767 0.9120684 0.7689569 0.6176575 0.6621574 0.6450694 0.494126 
0 0 0 0 0 0 0 0 0 0.1363475 0.1260235 0.3745105 0.7287291 0.754717 0.4781061 0.2645069 0.3663225 0.4307583 0.247063 0.5599858 0.5962976 0.754005 0.8063368 0.5215379 0.7920969 0.8355287 0.6735493 0.6005696 0.7689569 0.744037 
0 0 0 0 0 0 0 0 0 0.2680669 0.7134212 0.7750089 0.8266287 0.5510858 0.3349947 0.6276255 0.5888216 0.505518 0.6158775 0.6091136 0.6037736 0.6322535 0.5564258 0.6450694 0.5902457 0.6532574 0.6454254 0.8333927 0.6974012 0.5233179 
0 0 0 0 0 0 0 0 0 0.4777501 0.5592738 0.6197935 0.6895692 0.5229619 0.2915628 0.7411891 0.6571734 0.3990744 0.5923817 0.2783909 0.7141331 0.7041652 0.5891777 0.6215735 0.5713777 0.7308651 0.8301887 0.6051976 0.7055892 0.745817 
0 0 0 0 0 0 0 0 0 0 0.4069064 0.4172303 0.4741901 0.3773585 0.494838 0.5628337 0.743681 0.3663225 0.6543254 0.5428978 0.6361694 0.6418654 0.5186899 0.3584906 0.8074048 0.7376291 0.6646494 0.5382698 0.498042 0.6062656 
0 0 0 0 0 0 0 0 0 0 0.4368103 0.6311855 0.50267 0.246351 0.4467782 0.501602 0.5514418 0.493414 0.5728017 0.5606977 0.504806 0.4346743 0.6101816 0.751157 0.6593094 0.5517978 0.754717 0.3698825 0.5813457 0.3292987 
0 0 0 0 0 0 0 0 0 0 0.251335 0.5788537 0.748309 0.5703097 0.490566 0.3086508 0.244215 0.4403702 0.5304379 0.3325027 0.4022784 0.6226415 0.6059096 0.5396938 0.7038092 0.6354575 0.4531862 0.7041652 0.3770025 0.513706 
0 0.3442506 0.4777501 0 0 0 0 0 0.4069064 0.2182271 0.3542186 0.3752225 0.5361338 0.7013172 0.6546814 0.4823781 0.1982912 0.264863 0.48487 0.5375578 0.4332503 0.5628337 0.742613 0.7255251 0.6959772 0.7956568 0.6635814 0.3702385 0.3855464 0.2926308 
0 0 0.2936988 0.3410466 0.256675 0.250623 0.2249911 0.4186543 0.3513706 0.5418298 0.7237451 0.5407618 0.6162335 0.9223923 0.7265931 0.5813457 0.1694553 0.4090424 0.5161979 0.3438946 0.3196867 0.3841225 0.3823425 0.6354575 0.6909932 0.7607689 0.8248487 0.5973656 0.6016376 0.6934852 
0 0 0.4514062 0.5229619 0.6493414 0.5386258 0.498754 0.6835173 0.6436454 0.5660377 0.5154859 0.5503738 0.6269135 0.6934852 0.7055892 0.7080812 0.5870417 0.6593094 0.5763617 0.3990744 0.487006 0.4446422 0.4603062 0.7422571 0.8013528 0.7087932 0.6279815 0.8447846 0.5297259 0.5218939 
0 0 0 0.5393378 0.6155216 0.3285867 0.49021 0.6582414 0.5599858 0.6472054 0.1790673 0.5571378 0.6863652 0.7995728 0.6404414 0.6361694 0.3848345 0.6044856 0.4503382 0.5660377 0.2726949 0.5535778 0.5955856 0.4809541 0.5642577 0.7080812 0.5464578 0.489142 0.3834105 0.4514062 
0 0 0 0 0.5279459 0.491278 0.3965824 0.498754 0.3552866 0.5368459 0.4417942 0.748665 0.6397294 0.5745817 0.6461374 0.4218583 0.3503026 0.1997152 0.241011 0.5243859 0.3182627 0.4321823 0.4467782 0.5831257 0.4467782 0.8255607 0.5446778 0.6614454 0.4706301 0.6386614 
0 0 0 0 0.8042008 0.5873976 0.5475258 0.6176575 0.6087576 0.4485582 0.6817372 0.6984692 0.7294411 0.7764329 0.6835173 0.6963332 0.3980064 0.2189391 0.5453898 0.3054468 0.3848345 0.4200783 0.4460662 0.5649697 0.4218583 0.8576006 0.8095407 0.6016376 0.5948736 0.7732289 
0 0 0 0.3050908 0.7728729 0.4838021 0.5357779 0.5194019 0.4695621 0.496618 0.5763617 0.6105375 0.3616945 0.5628337 0.497686 0.504094 0.1399074 0.3175507 0.3883944 0.4492702 0.3948024 0.48487 0.7871128 0.7095051 0.6030616 0.508366 0.4749021 0.8262727 0.5699537 0.6393734 
0.3812745 0.4086864 0.3047348 0.5154859 0.6507654 0.3570666 0.3567106 0.8202207 0.8070488 0.8131008 0.751869 0.3025988 0.7048772 0.8540406 0.6475614 0.4428622 0.6486294 0.4709861 0.4884301 0.505874 0.6037736 0.6650053 0.5891777 0.4357423 0.9053044 0.510502 0.7814169 0.5211819 0.5614098 0.4795301 
0.5354218 0.507654 0.500534 0.7675329 0.3442506 0.5418298 0.6407974 0.6660733 0.8625845 0.7721609 0.8052688 0.4111784 0.6479174 0.8141688 0.6632254 0.5695977 0.6692773 0.3834105 0.5617657 0.4012104 0.5888216 0.7176932 0.4699181 0.8611606 0.748309 0.5165539 0.4813101 0.4439302 0.7974368 0.5386258 
0.5119259 0.4222143 0.8059808 0.3634745 0.5688857 0.7358491 0.6055536 0.4257743 0.7778569 0.6970452 0.7657529 0.4538982 0.6849412 0.6660733 0.4239943 0.51157 0.4645782 0.1498754 0.3022428 0.239587 0.5300819 0.3713065 0.5706657 0.744037 0.4040584 0.6365255 0.7055892 0.7002492 0.8319687 0.5436098 
0.1687433 0.5396938 0.4699181 0.3268067 0.6457814 0.4791741 0.5325739 0.5414738 0.6069776 0.7614809 0.5386258 0.4143823 0.3734425 0.5866857 0.4695621 0.3481666 0.3325027 0.7871128 0.3684585 0.4332503 0.6009256 0.6336775 0.3061588 0.7159131 0.6240655 0.1883232 0.4791741 0.8127447 0.6265575 0.5297259 
0.3111427 0.7376291 0.8074048 0.3681025 0.08615165 0.2153791 0.5930936 0.3791385 0.4770381 0.5197579 0.6368815 0.3122107 0.493414 0.8647205 0.4236383 0.4474902 0.495906 0.5610538 0.5760057 0.4588822 0.4083304 0.4823781 0.4599501 0.503026 0.741545 0.5710217 0.6963332 0.7305091 0.4528302 0.514774 
0.5229619 0.4716981 0.5165539 0.1634033 0.2221431 0.2000712 0.4467782 0.5204699 0.4752581 0.5781417 0.6091136 0.3844784 0.7116411 0.4531862 0.6500534 0.505162 0.7038092 0.7169811 0.489498 0.5297259 0.3940904 0.3851905 0.3506586 0.4862941 0.7739409 0.7009612 0.744749 0.6714133 0.5610538 0.6276255 
