putnam_forestpercentcoverAB.asc
ncols         38
nrows         17
xllcorner     468229.8581
yllcorner     4465774.1578
cellsize      1590
NODATA_value  -9999
0.4446422 0.2712709 0.3442506 0.5421858 0.4250623 0.1488074 0.06372374 0.02171591 0.08045568 0.1391954 0.1701673 0.02669989 0.05304379 0.1751513 0.04200783 0.1794233 0.01459594 0.06763973 0.05233179 0.01174795 0.07262371 0.03417586 0.1651833 0.3239587 0.510502 0.4207903 0.3834105 0.5653257 0.2897829 0.3866144 0.1035956 0.1701673 0.3349947 0.2057672 0.4827341 0.1584194 0 0 
0.1384834 0.2919188 0.3243147 0.249199 0.2363831 0.2645069 0.09789961 0.1075116 0.0744037 0.02064792 0.09433962 0.05589177 0.08686365 0.253827 0.1402634 0.2100392 0.02776789 0.1274475 0.3029548 0.1032396 0.08615165 0.246707 0.5639017 0.1865433 0.3766465 0.6468494 0.6436454 0.6472054 0.4083304 0.3915984 0.2947668 0.5553578 0.4154503 0.6229975 0.4207903 0.3079388 0.244215 0 
0.08045568 0.3908864 0.2944108 0.3335707 0.2335351 0.257031 0.08187968 0.1648273 0.06585974 0.2228551 0.3264507 0.1470274 0.1327875 0.2652189 0.1915272 0.08009968 0.02776789 0.1545034 0.2709149 0.1381274 0.2249911 0.1872552 0.2068352 0.4033464 0.5845497 0.07618369 0.3456746 0.4033464 0.4336063 0.2762549 0.2819509 0.4250623 0.5293699 0.6037736 0.7842649 0.8159487 0 0 
0.1356355 0.1149875 0.2645069 0.2285511 0.3047348 0.255963 0.07084372 0.1156995 0.3061588 0.2392311 0.264863 0.1011036 0.1491634 0.3602706 0.3442506 0.01922392 0.1028836 0.3659665 0.1972232 0.1231755 0.2755429 0.4784621 0.1815593 0.1569954 0.1886792 0.04271983 0.2093272 0.3727305 0.4250623 0.1334995 0.5557138 0.1559274 0.2623709 0.5717337 0.6037736 0.5307939 0 0 
0.2014952 0.1441794 0.2684229 0.3118547 0.3243147 0.4809541 0.1370595 0.3065148 0.1025276 0.1886792 0.09184764 0.08116768 0.2787469 0.4037024 0.4471342 0.2046992 0.03880385 0.01103596 0.1833393 0.1893912 0.2022072 0.509434 0.2951228 0.09789961 0.09113564 0.1199715 0.265931 0.2121751 0.3225347 0.3004628 0.1594874 0.4510502 0.3634745 0.491634 0.4346743 0.507654 0.1477394 0 
0.2157351 0.2773229 0.1349235 0.240299 0.2185831 0.6411535 0.07191171 0.252759 0.04129583 0.1505874 0.02776789 0.08543966 0.3460306 0.2207191 0.3552866 0.07191171 0.01530794 0.1388394 0.1790673 0.247419 0.08081168 0.4752581 0.3503026 0.4111784 0.1324315 0.2904948 0.2217871 0.2929868 0.4667141 0.3325027 0.254895 0.4343183 0.3545746 0.3018868 0.1922392 0.494482 0.259167 0 
0.1548594 0.2324671 0.07796369 0.1253115 0.1189035 0.4777501 0.1107156 0.09113564 0.04556782 0.07333571 0.09398362 0.2979708 0.1619793 0.2025632 0.4770381 0.255607 0.05909576 0.1537914 0.07048772 0.3506586 0.1139195 0.4101104 0.3969384 0.1819153 0.3232467 0.4051264 0.4414382 0.254183 0.6365255 0.4442862 0.2993948 0.3396226 0.1189035 0.2057672 0.1623354 0.3841225 0.244215 0 
0.09433962 0.4318263 0.247419 0.1249555 0.1185475 0.0505518 0.1480954 0.1213955 0.05802777 0.01281595 0.1683873 0.3396226 0.00996796 0.09754361 0.3549306 0.1007476 0.1441794 0.01032396 0.01779993 0.01637593 0.04343183 0.09540762 0.1965112 0.1516554 0.1947312 0.4136703 0.2221431 0.1861873 0.4645782 0.4439302 0.48665 0.6575294 0.3812745 0.4784621 0.06407975 0.2068352 0 0 
0 0.09398362 0.06870773 0.02669989 0.05339979 0.02064792 0.1053756 0.1787113 0.09398362 0.003559986 0.03666785 0.2901388 0.1224635 0.08757565 0.247419 0.1626914 0.2207191 0.03061588 0.09469562 0.06087575 0.02883589 0.2032752 0.06835172 0.1082236 0.1733713 0.263083 0.263083 0.1844073 0.6525454 0.2111071 0.256319 0.6625134 0.6197935 0.734069 0.7376291 0.3050908 0 0 
0 0.05767177 0.08009968 0.1580634 0.1043076 0.1762193 0.4090424 0.2634389 0.01174795 0.0491278 0.07618369 0.2278391 0.1612674 0.1986472 0.2684229 0.2271271 0.4571022 0.1192595 0.2306871 0.2716269 0.1345675 0.3834105 0.2313991 0.3780705 0.3599146 0.4681381 0.2926308 0.2007832 0.2805269 0.492702 0.5372018 0.2306871 0.257743 0.6721253 0.6564614 0.8814525 0 0 
0 0.08259167 0.1067996 0.2143111 0.2089712 0.06479174 0.03097188 0.03132787 0.03239587 0.1338555 0.2125311 0.3403346 0.3574226 0.06977572 0.5923817 0.252403 0.2734069 0.08721965 0.1502314 0.09469562 0.3770025 0.8561766 0.4791741 0.5097899 0.3883944 0.3114988 0.4179423 0.6667854 0.5485938 0.2986828 0.2114632 0.498398 0.2691349 0.3243147 0.6767533 0.8120328 0 0 
0 0.07262371 0.1334995 0.1267355 0.1523674 0.09113564 0.08009968 0.1285155 0.004627982 0.07938768 0.238519 0.1285155 0.6183695 0.1456034 0.4111784 0.3663225 0.2691349 0.2285511 0.05873977 0.05375579 0.05553578 0.3125668 0.8298327 0.7248131 0.4738341 0.3100747 0.1772873 0.1171235 0.3203987 0.6091136 0.500178 0.2794589 0.5493058 0.3001068 0.2370951 0.5322179 0.241723 0 
0 0.1630473 0.1174795 0.2730509 0.1918832 0.07226771 0.1605554 0.08330367 0.02171591 0.05589177 0.1242435 0.258099 0.239943 0.1801353 0.4571022 0.3325027 0.2844429 0.1427554 0.004627982 0.009255963 0.01459594 0.1708793 0.2160911 0.5674617 0.6101816 0.5450338 0.6397294 0.4823781 0.2983268 0.1534354 0.1755073 0.2289071 0.7212531 0.251335 0.2114632 0.6614454 0.3349947 0 
0 0.2057672 0.1263795 0.1338555 0.1651833 0.1050196 0.1399074 0.01210395 0.02669989 0.1035956 0.07333571 0.1132075 0.3876824 0.2321111 0.504094 0.2310431 0.1302955 0.06372374 0.1413314 0.07119972 0.03417586 0.258811 0.2947668 0.2331791 0.1797793 0.1897472 0.4599501 0.4749021 0.743681 0.7860448 0.252047 0.6140975 0.3278747 0.4624422 0.4791741 0.5215379 0.8700605 0.3552866 
0 0 0 0 0 0 0 0 0 0 0 0 0 0 0 0 0 0 0 0 0 0 0 0 0 0 0 0 0.5439658 0.6696333 0.2285511 0.05517978 0.1933072 0.0993236 0.5226059 0.5717337 0.8184407 0 
0 0 0 0 0 0 0 0 0 0 0 0 0 0 0 0 0 0 0 0 0 0 0 0 0 0 0 0 0.740477 0.4645782 0.8113208 0.6397294 0.7572089 0.3880385 0.238875 0.6828052 0.5510858 0 
0 0 0 0 0 0 0 0 0 0 0 0 0 0 0 0 0 0 0 0 0 0 0 0 0 0 0 0 0.7835529 0.6041296 0.4083304 0.3705945 0.3584906 0.754005 0.3794945 0.3325027 0.6785333 0 
