randolph_forestpercentcoverAB.asc
ncols         22
nrows         25
xllcorner     525225.2222
yllcorner     4344334.4149
cellsize      1590
NODATA_value  -9999
0.02029192 0.09149163 0.005339979 0.07938768 0.04521182 0.3926664 0.4026344 0.1990032 0.251335 0.6956212 0.2150231 0.7735849 0.5614098 0.1274475 0.3798505 0.4489142 0.5817017 0.1345675 0.2758989 0.1281595 0.4784621 0.5606977 
0.01851193 0.01922392 0.02135991 0.1210395 0.07226771 0.2071912 0.5898896 0.2064792 0.1228195 0.4172303 0.4489142 0.7134212 0.1302955 0.02313991 0.1270915 0.3659665 0.2203631 0.1641153 0.4218583 0.4749021 0.49021 0.6180135 
0.0007119972 0.01459594 0.08045568 0.1555714 0.4083304 0.4364543 0.243147 0.1491634 0.2986828 0.4229263 0.3036668 0.5884656 0.4432182 0.01993592 0.06835172 0.05375579 0.1324315 0.3695265 0.498754 0.3228907 0.3826985 0.3848345 
0.0754717 0.1801353 0.05909576 0.2869349 0.3503026 0.2082592 0.03168387 0.02207191 0.3260947 0.7070132 0.3353507 0.3987184 0.6440014 0.0501958 0.0003559986 0.06194375 0.1897472 0.4830901 0.1868993 0.2203631 0.495194 0.3613386 
0.04414382 0.2185831 0.03025988 0.1320755 0.1626914 0.02313991 0.08081168 0.06835172 0.1067996 0.04663581 0.1708793 0.2677109 0.5984336 0.3912424 0.01032396 0.009611961 0.2171591 0.3542186 0.2217871 0.7141331 0.7023852 0.5407618 
0.05233179 0.1879672 0.243147 0.05624777 0.1242435 0.03773585 0.06799573 0.244571 0.2926308 0.07084372 0.05980776 0.1295835 0.4884301 0.6301175 0.1221075 0.02207191 0.1345675 0.1662513 0.0263439 0.0747597 0.1979352 0.3656105 
0.06514774 0.0491278 0.1067996 0.3200427 0.05945176 0.07796369 0.1124955 0.1957992 0.4499822 0.04449982 0.08365966 0.1655393 0.1064436 0.1541474 0.02669989 0.001423994 0.006407974 0.003915984 0.02990388 0.09077964 0.07760769 0.2310431 
0.008187967 0.02883589 0.2089712 0.07262371 0.01851193 0.02064792 0.1502314 0.06301175 0.1601994 0.02100392 0.1744393 0.06799573 0.1221075 0.6618013 0.2214311 0 0.04699181 0.02029192 0.06977572 0.2100392 0.3524386 0.3730865 
0.06621574 0.2306871 0.2103952 0.05268779 0.1598434 0.259523 0.1883232 0.3428266 0.259523 0.1399074 0.2064792 0.2755429 0.1918832 0.5606977 0.1114276 0.001423994 0.239587 0.2082592 0.2951228 0.03239587 0.1783553 0.1374155 
0.2189391 0.1979352 0.04485582 0.1192595 0.2338911 0.2100392 0.05624777 0.2086152 0.1057316 0.2869349 0.2812389 0.2313991 0.4510502 0.2880028 0.2915628 0.005339979 0.1459594 0.5379139 0.6411535 0.502314 0.252403 0.2260591 
0.2032752 0.03381987 0.04663581 0.05589177 0.05695977 0.07725169 0.08187968 0.2164471 0.1612674 0.2239231 0.1776433 0.4065504 0.5792097 0.1224635 0.1833393 0.005339979 0.06372374 0.3645425 0.1103596 0.246707 0.2947668 0.4766821 
0.09184764 0.07796369 0.09255963 0.02242791 0.05268779 0.01673193 0.09362762 0.06906372 0.2107512 0.249911 0.4239943 0.6981132 0.7771449 0.2961908 0.09469562 0.00249199 0.1110716 0.1637594 0.4321823 0.501246 0.245995 0.5720897 
0.1456034 0.1313635 0.001423994 0.01637593 0.008187967 0.06016376 0.1306515 0.1046636 0.08330367 0.08508366 0.2662869 0.3321467 0.4727661 0.1619793 0.0498398 0.0758277 0.08152367 0.3488786 0.3634745 0.5197579 0.2922748 0.1868993 
0.1107156 0.06301175 0.01851193 0.1484514 0.1651833 0.2203631 0.1609114 0.1701673 0.07155571 0.1975792 0.4314703 0.3873264 0.3179067 0.4015664 0.245639 0.02883589 0.1167675 0.1263795 0.2267711 0.254895 0.1149875 0.1367034 
0.04093984 0.003915984 0.03381987 0.06229975 0.1584194 0.1235315 0.1708793 0.2673549 0.1149875 0.2103952 0.2979708 0.495194 0.3011748 0.6375934 0.4279103 0.04307583 0.08508366 0.4019224 0.5204699 0.0252759 0.03844785 0.2068352 
0.07297971 0.06372374 0.05802777 0.08223567 0.09362762 0.3549306 0.2175151 0.2164471 0.3417586 0.5614098 0.4425062 0.5283019 0.51691 0.4563902 0.0498398 0.08543966 0.1295835 0.6308295 0.09861161 0.1776433 0.1000356 0.1982912 
0.1071556 0.1833393 0.1423994 0.1224635 0.241723 0.3175507 0.1769313 0.1121396 0.1943752 0.3292987 0.5489498 0.5108579 0.1680313 0.4282663 0.1253115 0.04663581 0.2146671 0.2242791 0.3253827 0.2904948 0.258455 0.2958348 
0.2751869 0.3766465 0.262727 0.4211463 0.4773941 0.3727305 0.3955144 0.6311855 0.6400855 0.504094 0.1434674 0.1925952 0.02919188 0.01317195 0.0754717 0.05695977 0.1221075 0.2061232 0.3666785 0.2296191 0.2153791 0.498398 
0.2022072 0.0256319 0.2289071 0.4029904 0.4546102 0.1171235 0.238519 0.494482 0.4770381 0.1751513 0.04022784 0.03025988 0.008543965 0.0982556 0.01388394 0.002847989 0.0259879 0.03844785 0.08579566 0.1391954 0.4400142 0.1680313 
0.2079032 0.05233179 0.1512994 0.2997508 0.1644713 0.2157351 0.244927 0.7137771 0.7707369 0.6863652 0.245639 0.06407975 0.5720897 0.2912068 0.0736917 0.3104308 0.4133143 0.1295835 0.02954788 0.06585974 0.01352795 0 
0 0 0.1523674 0.262727 0.05660377 0.1011036 0.1260235 0.5550018 0.4044144 0.3182627 0.1146315 0.2783909 0.5254539 0.1221075 0.2004272 0.5482378 0.6870772 0.5571378 0.0245639 0 0.0509078 0 
0 0 0 0 0 0.2264151 0.3648985 0.3015308 0.6016376 0.3478106 0.259167 0.2783909 0.6379495 0.4051264 0.7208971 0.7582769 0.7561409 0.6051976 0.1555714 0.06265575 0.1032396 0 
0 0 0 0 0 0 0 0 0.4830901 0.8163047 0.4296903 0.3773585 0.7241011 0.6226415 0.4190103 0.7707369 0.5977216 0.3289427 0.3770025 0.02990388 0.0263439 0 
0 0 0 0 0 0 0 0 0 0 0 0.5631897 0.7710929 0.7137771 0.755429 0.6674973 0.8202207 0.5414738 0.5898896 0.2306871 0.09433962 0 
0 0 0 0 0 0 0 0 0 0 0 0 0 0 0.9074404 0.7226771 0.6689214 0.6461374 0.6091136 0.3314347 0.1003916 0 
