schuyler_forestpercentcoverAB.asc
ncols         20
nrows         18
xllcorner     523594.3401
yllcorner     4465921.531
cellsize      1590
NODATA_value  -9999
0 0 0 0 0 0 0 0 0 0 0.08437166 0.2046992 0.06372374 0.3396226 0.251335 0.1737273 0.05945176 0.04592382 0.1904592 0.1868993 
0 0.08472766 0.8689925 0.5396938 0.01067996 0.03987184 0.1498754 0.1011036 0.3058028 0.2972588 0.1630473 0.07725169 0.1641153 0.07297971 0.2235671 0.08650766 0.262015 0.01530794 0.1046636 0.04236383 
0 0.244215 0.5959416 0.9309363 0.1655393 0.06336775 0.2178711 0.1787113 0.1053756 0.2787469 0.3438946 0.1075116 0.1847633 0.1516554 0.1228195 0.06692773 0.06123175 0.08152367 0.04805981 0.01317195 
0 0 0.1573514 0.4076184 0.2093272 0.09398362 0.08223567 0.06479174 0.09647562 0.09255963 0.1498754 0.1463154 0.3592026 0.5097899 0.3214667 0.2880028 0.2289071 0.04093984 0.01139195 0.0751157 
0 0.2748309 0.1915272 0.5820577 0.5436098 0.1270915 0.3951584 0.1107156 0.05873977 0.04877181 0.1352795 0.08081168 0.2342471 0.2264151 0.04022784 0.1804913 0.1591314 0.1491634 0.2669989 0.1634033 
0 0 0 0.7775009 0.9177643 0.245283 0.256319 0.05909576 0.04236383 0.08579566 0.07867569 0.07867569 0.2623709 0.2036312 0.09184764 0.06621574 0.238875 0.08686365 0.2114632 0.06977572 
0 0 0.2150231 0.510502 0.5767177 0.4222143 0.254183 0.2353151 0.02385191 0.0491278 0.0491278 0.04129583 0.256319 0.3695265 0.2894268 0.1779993 0.2356711 0.08543966 0.04592382 0.0754717 
0 0 0.1993592 0.4282663 0.3770025 0.5550018 0.4232823 0.1395514 0.009255963 0.1189035 0.04022784 0.03773585 0.2207191 0.07013172 0.1245995 0.1587754 0.242079 0.1858313 0.1370595 0.04307583 
0 0.2687789 0.1067996 0.6753293 0.4663581 0.7739409 0.6165895 0.0249199 0.05446778 0.1676753 0.2164471 0.249911 0.511214 0.1577074 0.2349591 0.1434674 0.06941972 0.1641153 0.1737273 0.1523674 
0 0.01779993 0.09184764 0.5254539 0.4029904 0.6194375 0.3182627 0.2805269 0.2623709 0.3157707 0.1573514 0.1929512 0.3958704 0.1776433 0.03453186 0.2342471 0.1819153 0.06941972 0.2221431 0.0751157 
0 0.1260235 0.03666785 0.4158063 0.6646494 0.515842 0.259879 0.06479174 0.1876113 0.2669989 0.3581346 0.7443931 0.3894624 0.1851193 0.2858669 0.2107512 0.256675 0.3346387 0.1288715 0.09647562 
0 0.4197223 0.01637593 0.2865789 0.6671413 0.6952652 0.2972588 0.1057316 0.02385191 0.01779993 0.2776789 0.3036668 0.1758633 0.241367 0.3495906 0.3745105 0.3659665 0.1537914 0.05731577 0.09255963 
0 0 0.02100392 0.05268779 0.512282 0.8611606 0.252759 0.1605554 0.03275187 0.01922392 0.04627981 0.05945176 0.0249199 0.246351 0.07725169 0.08721965 0.2634389 0.2997508 0.04165183 0.09683161 
0 0 0 0.06657173 0.5279459 0.9110004 0.4464222 0.4531862 0.09576362 0.01032396 0.05339979 0.01957992 0.04449982 0.08721965 0.06123175 0.1744393 0.3627625 0.3510146 0.06692773 0.1185475 
0 0 0.3552866 0.01744393 0.2111071 0.7038092 0.6796013 0.5140619 0.07119972 0.06336775 0.09576362 0.1096476 0.1683873 0.09077964 0.09398362 0.3766465 0.3520826 0.2093272 0.04414382 0.1349235 
0 0 0.4211463 0.003203987 0.1459594 0.5695977 0.3278747 0.1039516 0.05589177 0.04129583 0.1637594 0.05375579 0.06016376 0.05553578 0.06301175 0.2107512 0.2919188 0.3186187 0.4670701 0.2890708 
0 0 0.1181915 0.02883589 0.1616234 0.259167 0.0758277 0.2224991 0.1441794 0.07404771 0.0989676 0.03381987 0.1203275 0.08223567 0.2171591 0.3168387 0.5190459 0.1783553 0.1199715 0.3168387 
0 0 0.1491634 0.02242791 0.2972588 0.1605554 0.262727 0.3446066 0.1278035 0.03880385 0.09327163 0.00498398 0.1495194 0.09505162 0.1299395 0.2285511 0.2100392 0.3574226 0.2235671 0.3264507 
