scotland_forestpercentcoverAB.asc
ncols         22
nrows         21
xllcorner     554937.6382
yllcorner     4461557.8729
cellsize      1590
NODATA_value  -9999
0 0 0 0 0 0 0 0 0 0 0 0 0.01886792 0.0249199 0.1730153 0.2025632 0.1968672 0.1342115 0.1245995 0.1865433 0.1274475 0 
0.3951584 0.1146315 0.07333571 0.494482 0.1965112 0.1726593 0.04165183 0.1463154 0.1758633 0.1185475 0.1730153 0.06585974 0.007119971 0.02064792 0.1285155 0.2919188 0.1132075 0.4275543 0.507654 0.2032752 0.08508366 0 
0.248487 0.1156995 0.2936988 0.08116768 0.1587754 0.1413314 0.1377714 0.05517978 0.1537914 0.2096832 0.1509434 0.1676753 0.1021716 0.07796369 0.1324315 0.08045568 0.07725169 0.3656105 0.4343183 0.510502 0.4663581 0 
0.1434674 0.2249911 0.4140263 0.2061232 0.1149875 0.2862228 0.05268779 0.03951584 0.1039516 0.06407975 0.04343183 0.1263795 0.1181915 0.1281595 0.3631186 0.1940192 0.09540762 0.02919188 0.2121751 0.1947312 0.4179423 0 
0.02812389 0.1915272 0.3321467 0.2029192 0.2004272 0.01957992 0.09505162 0.1698113 0.2075472 0.1274475 0.08081168 0.1552154 0.1747953 0.0736917 0.4115343 0.07084372 0.1142755 0.05482378 0.1032396 0.3275187 0.6543254 0 
0.1783553 0.2157351 0.03417586 0.1434674 0.2901388 0.1060876 0.04770381 0.08579566 0.1210395 0.06229975 0.03809185 0.0744037 0.1402634 0.2370951 0.2855109 0.1046636 0.3495906 0.2207191 0.2207191 0.2192951 0.07618369 0 
0.6062656 0.2217871 0.05909576 0.09362762 0.1758633 0.2239231 0.1228195 0.03025988 0.01601994 0.1014596 0.1096476 0.252403 0.1260235 0.004271983 0.01245995 0.08401567 0.1854753 0.1484514 0.255607 0.1463154 0.03666785 0 
0.1367034 0.2862228 0.2281951 0.2178711 0.1477394 0.2025632 0.08401567 0.1374155 0.02669989 0.09327163 0.1406194 0.08472766 0.1872552 0.1171235 0.06585974 0.02669989 0.09683161 0.1466714 0.0751157 0.04770381 0.1765753 0 
0.1893912 0.249555 0.1342115 0.2641509 0.08401567 0.09255963 0.1345675 0.2025632 0.1391954 0.1473834 0.05446778 0.2175151 0.2096832 0.05767177 0.05838377 0.02883589 0.1833393 0.2876469 0.08187968 0.3399786 0.2029192 0 
0.1270915 0.1676753 0.1886792 0.1648273 0.1053756 0.006407974 0.01922392 0.06479174 0.2367391 0.1256675 0.04699181 0.002847989 0.0259879 0.03453186 0.1541474 0.1555714 0.09077964 0.06835172 0.04734781 0.08864365 0.09006764 0 
0.1765753 0.1705233 0.252403 0.1505874 0.1530794 0.1032396 0.1690993 0.1641153 0.0509078 0.1751513 0.0259879 0.1014596 0.05624777 0.05482378 0.08081168 0.02385191 0.1114276 0.1420434 0.1128515 0.1391954 0.1135635 0 
0.1644713 0.2698469 0.09113564 0.05268779 0.01779993 0.006051976 0.1192595 0.1822713 0.06016376 0.001067996 0.1228195 0.238875 0.1399074 0.04877181 0.06835172 0.2936988 0.255251 0.3901744 0.2734069 0.3214667 0.09718761 0 
0.03346387 0.3061588 0.2986828 0.07796369 0.0259879 0.009611961 0.1075116 0.04592382 0.1071556 0.1673193 0.0736917 0.3545746 0.3325027 0.2292631 0.1520114 0.02705589 0.0505518 0.1334995 0.1121396 0.2093272 0.1128515 0 
0.2029192 0.04378783 0.3332147 0.1541474 0.01673193 0.03915984 0.07191171 0.06372374 0.02313991 0.09540762 0.08187968 0.01601994 0.1527234 0.3606265 0.3332147 0.004271983 0.05268779 0.09754361 0.03987184 0.01922392 0.04271983 0 
0.244571 0.2207191 0.246707 0.3702385 0.0765397 0.1039516 0.06870773 0.0754717 0.1317195 0.09576362 0.08579566 0.08793165 0.00747597 0.00498398 0.252403 0.08330367 0.005339979 0.01459594 0.1078676 0.05161979 0.01281595 0 
0.2196511 0.254895 0.3933784 0.5578498 0.1238875 0.1281595 0.238875 0.2858669 0.06657173 0.07013172 0.1594874 0.0245639 0.0993236 0.04805981 0.03702385 0.2182271 0.008187967 0.02812389 0.08187968 0.2118192 0.01174795 0 
0.4496262 0.1527234 0.2634389 0.2210751 0.1726593 0.2313991 0.1367034 0.2324671 0.5688857 0.1559274 0.06301175 0.2086152 0.3268067 0.1217515 0.003915984 0.1488074 0.1755073 0.03880385 0.1979352 0.1993592 0.01779993 0 
0.2805269 0.1228195 0.2264151 0.1573514 0.1245995 0.1512994 0.1822713 0.06585974 0.2976148 0.3196867 0.05945176 0.04343183 0.1812033 0.4449982 0.1505874 0.02100392 0.2018512 0.06479174 0.1231755 0.3588466 0.07760769 0 
0.4150943 0.1245995 0.2175151 0.1021716 0.3243147 0.4197223 0.254539 0.1192595 0.4702741 0.5461018 0.506586 0.04699181 0.0498398 0.09077964 0.3716625 0.1801353 0.1349235 0.3549306 0.2210751 0.3691705 0.1908152 0 
0.7087932 0.3446066 0.248487 0.1260235 0.3097188 0.1505874 0.1812033 0.1192595 0.2335351 0.2613029 0.5357779 0.0982556 0.07725169 0.251691 0.06087575 0.04378783 0.002847989 0.3791385 0.1740833 0.1064436 0.2702029 0 
0.5870417 0.4396583 0.1943752 0.5318619 0.4044144 0.3545746 0.2805269 0.1662513 0.03844785 0.0249199 0.003559986 0.03880385 0.3499466 0.3826985 0.05909576 0.07831968 0.1605554 0.005695977 0.3371307 0.09505162 0.249199 0 
