shelby_forestpercentcoverAB.asc
ncols         24
nrows         24
xllcorner     560147.7069
yllcorner     4384130.235
cellsize      1590
NODATA_value  -9999
0.3214667 0.2367391 0.262727 0.00249199 0.05197579 0.01103596 0.003203987 0.1466714 0.1936632 0.2983268 0.1829833 0.2289071 0.3737985 0.05909576 0.1007476 0.1192595 0.0501958 0.01708793 0.07191171 0.2762549 0.3527946 0.250267 0.09718761 0.03951584 
0.2313991 0.2039872 0.2370951 0.1295835 0.001779993 0.0765397 0.0007119972 0.009611961 0.1071556 0.1673193 0.3214667 0.1836953 0.5642577 0.02278391 0.1089356 0.2217871 0.2054112 0.2880028 0.2032752 0.4364543 0.08615165 0.2951228 0.7572089 0.254895 
0.2858669 0.3841225 0.07155571 0.05980776 0 0.05517978 0.0242079 0.009611961 0.06407975 0.01459594 0.01637593 0.06977572 0.1737273 0.254895 0.02705589 0.0252759 0.05268779 0.2029192 0.3228907 0.3018868 0.1990032 0.2716269 0.6279815 0.3556426 
0.4286223 0.1577074 0.1124955 0.0249199 0.06906372 0.02741189 0.1142755 0.02990388 0.03097188 0.002847989 0.01103596 0.01922392 0.1901032 0.0982556 0.1431114 0.02954788 0.04200783 0.04485582 0.1559274 0.242079 0.3050908 0.5596297 0.3275187 0.3755785 
0.1128515 0.1687433 0.03488786 0.02919188 0.04378783 0.1922392 0.05411178 0.2951228 0.04699181 0.1260235 0.01032396 0.09327163 0.1156995 0.1164115 0.1836953 0.04627981 0.1032396 0.01174795 0.1146315 0.4321823 0.7173371 0.503738 0.4727661 0.4122463 
0.05873977 0.251691 0.06158775 0.0747597 0.0249199 0.04378783 0.1132075 0.2321111 0.06763973 0.1213955 0.07938768 0.001423994 0.03203987 0.2007832 0.240299 0.1128515 0.1730153 0.05517978 0.08615165 0.2249911 0.3567106 0.4012104 0.49733 0.241011 
0.02171591 0.03987184 0.1569954 0.1132075 0.1128515 0.01352795 0.01708793 0.02349591 0.05873977 0.05411178 0.1107156 0 0.007119971 0.09611961 0.1281595 0.2645069 0.3136348 0.244927 0.2993948 0.4492702 0.2200071 0.4143823 0.7301531 0.247775 
0.2103952 0.2346031 0.0245639 0.01673193 0.08187968 0.06443574 0.0491278 0.03844785 0.06941972 0.1245995 0.02776789 0.02705589 0.2050552 0.01851193 0.1178355 0.2310431 0.05553578 0.1135635 0.06051976 0.3495906 0.02919188 0.2812389 0.1149875 0.0754717 
0.06443574 0.05838377 0.03132787 0.03559986 0.07796369 0.04343183 0.00996796 0.07084372 0.1203275 0.1616234 0.1021716 0.1705233 0.1502314 0.0242079 0.01245995 0.0259879 0.1135635 0.3478106 0.3673905 0.2242791 0.1206835 0.2876469 0.500534 0.4097544 
0.1107156 0.02349591 0.2032752 0.3296547 0.01566394 0.04485582 0.1228195 0.02669989 0.02029192 0.03987184 0 0.00747597 0.1100036 0.02776789 0.01815593 0.04592382 0.08543966 0.07262371 0.09540762 0.3431826 0.3745105 0.3488786 0.1715913 0.1651833 
0.4389462 0.2274831 0.3264507 0.2801709 0.248487 0.005339979 0.04058384 0.007831968 0.02313991 0.1060876 0.01245995 0.04058384 0.08294767 0.1683873 0.1908152 0.05660377 0.1085796 0.03987184 0.04093984 0.04093984 0.05411178 0.09255963 0.08686365 0.08401567 
0.4385903 0.3353507 0.1488074 0.3218227 0.3937344 0.2064792 0.03524386 0.00249199 0.008899964 0.04449982 0.05161979 0.07760769 0.04093984 0.264863 0.1367034 0.1957992 0.2146671 0.1940192 0.1224635 0.08294767 0.05873977 0.06087575 0.01067996 0.1623354 
0.3307227 0.1466714 0.1135635 0.09718761 0.6400855 0.6731933 0.4692061 0.1683873 0.03666785 0.009611961 0.04449982 0.1082236 0.2338911 0.08472766 0.0736917 0.1263795 0.04378783 0.2086152 0.3545746 0.3688145 0.1096476 0.009255963 0.003559986 0.04592382 
0.04485582 0.002847989 0.01495194 0.1466714 0.5364898 0.04485582 0.1185475 0.4279103 0.2317551 0.1587754 0.1833393 0.04627981 0.2787469 0.1438234 0.1235315 0.3737985 0.1758633 0.1854753 0.1762193 0.3656105 0.1626914 0.1096476 0.01174795 0.01637593 
0 0.009611961 0.004627982 0.03381987 0.03844785 0.0491278 0.02242791 0.03275187 0.2342471 0.3595586 0.3129227 0.2723389 0.04200783 0.1584194 0.2762549 0.259167 0.1712353 0.2143111 0.1039516 0.1694553 0.09683161 0.05945176 0.08045568 0.1883232 
0.01708793 0 0 0.0245639 0.007119971 0.00996796 0.01139195 0.1374155 0.02705589 0.2346031 0.2947668 0.4439302 0.08615165 0.1470274 0.05767177 0.01815593 0.03417586 0.1189035 0.1601994 0.0263439 0.240655 0.1491634 0.05731577 0.1035956 
0.00498398 0.01851193 0 0.05304379 0.03310787 0.01103596 0.01957992 0.3705945 0.009611961 0.01886792 0.1448914 0.03275187 0.007831968 0.04485582 0.07831968 0.0003559986 0.03061588 0.003203987 0.0758277 0.1779993 0.1797793 0.1096476 0.003559986 0.02847989 
0.006763973 0.03524386 0.01815593 0.002847989 0.01673193 0.02242791 0.1089356 0.1580634 0.05731577 0.03061588 0.00747597 0.006407974 0.002135991 0.006763973 0.006407974 0 0.006407974 0.2086152 0.2039872 0.07155571 0.06443574 0.3317907 0.1577074 0.2969028 
0.1278035 0.006051976 0.002135991 0.002847989 0.04022784 0.1961552 0.1883232 0.1569954 0.01637593 0.08045568 0.01281595 0 0.01139195 0.01851193 0.005339979 0.01637593 0.02954788 0.2751869 0.2613029 0.1733713 0.06763973 0.4190103 0.5265219 0.01957992 
0.3584906 0.00249199 0.01067996 0.01495194 0.08152367 0.09149163 0.07226771 0.1124955 0.1324315 0.1591314 0.05268779 0.003915984 0.001067996 0.0252759 0.04805981 0.006763973 0.05660377 0.05411178 0.09220363 0.02100392 0.01779993 0.1028836 0.5307939 0.1548594 
0.1470274 0 0.04271983 0.06372374 0.002135991 0 0 0 0 0 0 0 0 0 0 0 0 0 0 0 0 0 0 0 
0.4474902 0.01459594 0 0.01352795 0.01032396 0 0 0 0 0 0 0 0 0 0 0 0 0 0 0 0 0 0 0 
0.5521538 0.2175151 0 0 0.007831968 0.03453186 0 0 0 0 0 0 0 0 0 0 0 0 0 0 0 0 0 0 
0.1224635 0.1427554 0.02135991 0 0 0.01957992 0 0 0 0 0 0 0 0 0 0 0 0 0 0 0 0 0 0 
