sullivan_forestpercentcoverAB.asc
ncols         27
nrows         25
xllcorner     468727.4758
yllcorner     4431491.0266
cellsize      1590
NODATA_value  -9999
0 0 0 0 0 0.1399074 0.01210395 0.02669989 0.1035956 0.07333571 0.1132075 0.3876824 0.2321111 0.504094 0.2310431 0.1302955 0.06372374 0.1413314 0.07119972 0.03417586 0.258811 0.2947668 0.2331791 0.1797793 0.1897472 0.4599501 0.4749021 
0.08615165 0.1979352 0.09006764 0.1925952 0.03097188 0.05482378 0.02100392 0.1537914 0.1153435 0.1142755 0.06016376 0.1089356 0.2192951 0.258811 0.07404771 0.238875 0.249199 0.3940904 0.1566394 0.1598434 0.2014952 0.258811 0.4496262 0.2741189 0.239943 0.2075472 0.5268779 
0.239587 0.1185475 0.247775 0.2260591 0.0989676 0.05838377 0.1035956 0.1609114 0.1918832 0.2356711 0.03595586 0.1441794 0.241367 0.4838021 0.1463154 0.1715913 0.3008188 0.1772873 0.05482378 0.260947 0.258811 0.3755785 0.3599146 0.6568174 0.5955856 0.4756141 0.6457814 
0.08793165 0.04663581 0.3994304 0.1480954 0.2851548 0.241367 0.1110716 0.1829833 0.3713065 0.3563546 0.1128515 0.0765397 0.260235 0.261659 0.2976148 0.1626914 0.2705589 0.1776433 0.2356711 0.3221787 0.4649341 0.5849057 0.3908864 0.9288003 0.5197579 0.8451406 0.8889285 
0.1213955 0.03524386 0.2370951 0.1021716 0.1228195 0.1662513 0.1203275 0.1577074 0.2805269 0.4407263 0.253115 0.08935564 0.1580634 0.1210395 0.3745105 0.3474546 0.1797793 0.261659 0.1334995 0.04129583 0.2360271 0.8155928 0.6165895 0.3876824 0.4613742 0.6108935 0.8672125 
0.1865433 0.02705589 0.2146671 0.09255963 0.09754361 0.1420434 0.3424706 0.1765753 0.1438234 0.4311143 0.501958 0.2776789 0.5952296 0.1947312 0.3944464 0.2908508 0.1096476 0.01423994 0.1103596 0.265931 0.1221075 0.2798149 0.6197935 0.8091848 0.4279103 0.4396583 0.3883944 
0.1317195 0.04521182 0.1213955 0.07119972 0.04200783 0.06977572 0.3613386 0.1299395 0.1456034 0.2303311 0.6383054 0.4336063 0.4279103 0.4118904 0.2751869 0.2798149 0.1523674 0.05126379 0.008543965 0.2353151 0.1349235 0.1779993 0.3666785 0.6066216 0.9508722 0.737273 0.6215735 
0.1281595 0.1203275 0.3698825 0.1381274 0.1488074 0.1943752 0.2185831 0.237451 0.06977572 0.2734069 0.3773585 0.6614454 0.4603062 0.1790673 0.3147027 0.3008188 0.3246707 0.06158775 0.1046636 0.2328231 0.3773585 0.03275187 0.006407974 0.3656105 0.5599858 0.3826985 0.749733 
0.1107156 0.03417586 0.3602706 0.2143111 0.01744393 0.1032396 0.1438234 0.2029192 0.1196155 0.1698113 0.259523 0.7187611 0.2744749 0.1050196 0.3136348 0.3378426 0.4460662 0.1520114 0.1975792 0.04129583 0.1883232 0.04841581 0.01067996 0.01957992 0.07903168 0.06265575 0.6148095 
0.03595586 0.0736917 0.09398362 0.2000712 0.08294767 0.1267355 0.4802421 0.2310431 0.5507298 0.5792097 0.02135991 0.6486294 0.02349591 0.1292275 0.3243147 0.3727305 0.4108224 0.1673193 0.2203631 0.2684229 0.1783553 0.02847989 0.01708793 0.06194375 0.1135635 0.05873977 0.3186187 
0.1491634 0.1851193 0.1278035 0.241367 0.06016376 0.1285155 0.3826985 0.1491634 0.1701673 0.6518334 0.1306515 0.5663937 0.1733713 0.1423994 0.3225347 0.3866144 0.3171947 0.0259879 0.1420434 0.3424706 0.2125311 0.1954432 0.008543965 0.06016376 0.1221075 0.2007832 0.05589177 
0.4542542 0.1370595 0.1541474 0.1822713 0.01495194 0.03702385 0.09255963 0.2346031 0.1787113 0.2050552 0.3029548 0.492346 0.3737985 0.241011 0.1577074 0.2370951 0.1103596 0.04877181 0.1523674 0.3695265 0.2082592 0.1270915 0.02705589 0.03346387 0.0505518 0.1377714 0.06407975 
0.1957992 0.07155571 0.1189035 0.08009968 0.04627981 0.04271983 0.3332147 0.251691 0.3001068 0.495194 0.3570666 0.5525098 0.5119259 0.1231755 0.1648273 0.1701673 0.1107156 0.02669989 0.09718761 0.50801 0.1726593 0.09433962 0.03168387 0.2000712 0.02064792 0.1537914 0.1915272 
0.1181915 0.04485582 0.2983268 0.1933072 0.1623354 0.04805981 0.2908508 0.3997864 0.4442862 0.5795657 0.1420434 0.4026344 0.3705945 0.1121396 0.243503 0.2652189 0.253471 0.06835172 0.1121396 0.3588466 0.1666073 0.08330367 0.1313635 0.1178355 0.05268779 0.1883232 0.1035956 
0.1377714 0.1213955 0.506942 0.2289071 0.08009968 0.09042364 0.09789961 0.4677821 0.4311143 0.4713421 0.4798861 0.2798149 0.1690993 0.1779993 0.2983268 0.1648273 0.07867569 0.1192595 0.1302955 0.1142755 0.4613742 0.1584194 0.1203275 0.04521182 0.07404771 0.1908152 0.1192595 
0.09327163 0.1416874 0.4104664 0.1601994 0.09149163 0.0252759 0.2036312 0.490922 0.5496618 0.741901 0.488074 0.4652901 0.3164827 0.4506942 0.3609826 0.1235315 0.07191171 0.1334995 0.1082236 0.1146315 0.3314347 0.07048772 0.241011 0.04556782 0.1210395 0.2684229 0.1409754 
0.2043432 0.06585974 0.2737629 0.1053756 0.08259167 0.1213955 0.1555714 0.3784265 0.1445354 0.3926664 0.497686 0.6272695 0.1836953 0.2837309 0.6450694 0.1819153 0.1267355 0.1352795 0.08615165 0.2321111 0.1737273 0.1039516 0.1833393 0.06301175 0.09042364 0.1648273 0.1100036 
0.2221431 0.1306515 0.49733 0.0989676 0.2022072 0.1587754 0.2716269 0.3645425 0.05731577 0.03773585 0.4517622 0.3310787 0.1730153 0.4496262 0.249199 0.04307583 0.1776433 0.2153791 0.2224991 0.2883588 0.2036312 0.2367391 0.1363475 0.02990388 0.05553578 0.5176219 0.2007832 
0.1003916 0.1203275 0.0498398 0.1391954 0.06158775 0.239943 0.257743 0.2100392 0.4193663 0.2221431 0.4435742 0.6874332 0.509078 0.4716981 0.4090424 0.238875 0.1327875 0.1808473 0.09754361 0.2613029 0.255963 0.249199 0.04378783 0.03631185 0.01459594 0.2872908 0.3631186 
0.4197223 0.01423994 0.0505518 0.1060876 0.05517978 0.2018512 0.2303311 0.04165183 0.5510858 0.2897829 0.5421858 0.6212175 0.3734425 0.4400142 0.2039872 0.240655 0.2702029 0.1687433 0.08152367 0.2349591 0.1132075 0.2242791 0.0765397 0.08401567 0.06621574 0.265931 0.3908864 
0.1199715 0 0.1324315 0.0245639 0.07155571 0.1402634 0.2915628 0.06372374 0.3698825 0.02171591 0.3915984 0.4517622 0.3396226 0.250267 0.5119259 0.2381631 0.240655 0.1420434 0.1758633 0.3093628 0.3360627 0.247419 0.2922748 0.1082236 0.3470986 0.4382342 0.4190103 
0.03559986 0.05268779 0.0765397 0.06906372 0.06977572 0.245283 0.3645425 0.4592382 0.4627981 0.1901032 0.3225347 0.3047348 0.1402634 0.2036312 0.3417586 0.3292987 0.2883588 0.1406194 0.06692773 0.06514774 0.1545034 0.1662513 0.3001068 0.245283 0.05339979 0.3018868 0.2876469 
0.1740833 0.1092916 0.1153435 0.1046636 0.06087575 0.07226771 0.3289427 0.1897472 0.2296191 0.3275187 0.1990032 0.1833393 0.1822713 0.4862941 0.2855109 0.4414382 0.1637594 0.1071556 0.01317195 0.1384834 0.5891777 0.2093272 0.3684585 0.1199715 0.1011036 0.1488074 0.2726949 
0.1601994 0.1488074 0.06728373 0.1067996 0.04058384 0.1762193 0.2342471 0.1687433 0.1591314 0.2363831 0.05980776 0.1683873 0.1448914 0.4314703 0.2912068 0.1320755 0.05695977 0.09611961 0.1648273 0.2773229 0.07084372 0.1968672 0.3467426 0.1982912 0.250623 0.04236383 0.2919188 
0.07725169 0.1299395 0.1470274 0.04058384 0.06407975 0.08935564 0.09718761 0.1555714 0.1057316 0.1893912 0.08045568 0.1253115 0.1690993 0.3517266 0.3641866 0.05161979 0.03809185 0.08472766 0.1644713 0.1317195 0.1598434 0.1174795 0.253115 0.1121396 0.1156995 0.07689569 0.2118192 
