warren_forestpercentcoverAB.asc
ncols         25
nrows         31
xllcorner     637446.3757
yllcorner     4268530.3702
cellsize      1590
NODATA_value  -9999
0 0 0 0 0 0 0 0 0 0 0 0 0 0 0 0 0 0 0 0 0 0 0 0 0 
0 0 0 0 0 0 0 0 0.2000712 0.0996796 0.4076184 0.5154859 0 0 0 0 0 0 0 0 0 0 0 0 0 
0 0 0 0 0 0 0 0 0.2702029 0.4432182 0.758633 0.6279815 0 0 0 0 0 0 0 0 0 0 0 0 0 
0 0 0 0 0 0 0 0 0.3043788 0.6550374 0.7237451 0.6657174 0 0 0 0 0 0 0 0 0 0 0 0 0 
0 0 0 0 0 0 0 0 0.2855109 0.5941616 0.6098256 0.2360271 0 0 0 0 0 0 0 0 0 0 0 0 0 
0 0 0 0 0 0 0 0 0.7162691 0.8074048 0.51335 0.3592026 0.00498398 0.004271983 0 0.08401567 0 0 0 0 0 0 0 0 0 
0 0 0 0 0 0 0 0 0.5485938 0.8387327 0.2135991 0.03666785 0.004271983 0.003203987 0.09291563 0.4773941 0 0 0 0 0 0 0 0 0 
0 0 0 0 0 0 0 0 0.1267355 0.4343183 0.4442862 0.02242791 0.1466714 0.05233179 0.06621574 0.5161979 0 0 0 0 0 0 0 0 0 
0 0 0 0 0 0 0 0 0.05873977 0.4667141 0.4122463 0.08650766 0.2766109 0.7732289 0.8237807 0.7949448 0 0 0 0 0 0 0 0 0 
0 0 0 0 0 0 0 0 0.1466714 0.3894624 0.1854753 0.07867569 0.1804913 0.497686 0.5453898 0.5318619 0.4663581 0.6885012 0.6119615 0.752581 0.6016376 0.5934497 0.5564258 0.6874332 0.4040584 
0 0 0 0 0 0 0 0 0.3559986 0.4378783 0.1060876 0.243503 0.500534 0.8198647 0.7009612 0.254183 0.3770025 0.4770381 0.3923104 0.6674973 0.765397 0.7728729 0.3841225 0.6838732 0.7173371 
0.9181203 0.9184763 0.992524 0.7953008 0.6148095 0.6988252 0.4546102 0.1997152 0.1580634 0.2235671 0.1067996 0.254183 0.6383054 0.5233179 0.6635814 0.3079388 0.8412246 0.2815949 0.3670345 0.4855821 0.2840869 0.8024208 0.758633 0.7041652 0.3994304 
0.745461 0.6813813 0.9288003 0.9547882 0.6429334 0.8853685 0.8988964 0.757565 0.247775 0.1224635 0.3438946 0.4531862 0.6048416 0.6899253 0.6051976 0.3652546 0.6351014 0.5087219 0.3520826 0.4136703 0.1367034 0.3314347 0.3079388 0.2972588 0.2107512 
0.7105731 0.5339979 0.757921 0.6454254 0.6333215 0.8949804 0.9640442 0.8978284 0.5510858 0.6048416 0.8066928 0.7066572 0.4759701 0.3940904 0.3033108 0.1548594 0.2794589 0.4168743 0.4649341 0.3417586 0.3171947 0.1993592 0.4603062 0.5201139 0.4271983 
0.5806337 0.9341403 0.9604841 0.9277323 0.8935564 0.8394446 0.990032 0.8654326 0.9540762 0.9227483 0.8554646 0.7625489 0.8024208 0.5258099 0.4158063 0.238519 0.7920969 0.7162691 0.5443218 0.5774297 0.3054468 0.1423994 0.1377714 0.3196867 0.4613742 
0.9053044 0.9558562 0.9690281 0.8269847 0.9138483 0.8736205 0.9718761 0.9163404 0.99644 0.8689925 0.8981844 0.8632966 0.751513 0.7992168 0.6610894 0.8775365 0.9419723 0.9199003 0.7212531 0.6247775 0.7906728 0.3456746 0.07867569 0.1950872 0.2958348 
0.988964 0.9626201 0.9747241 0.8775365 0.8284087 0.8170167 0.7949448 0.9551442 0.998932 0.9291563 0.9010324 0.9010324 0.8155928 0.8138127 0.6689214 0.6215735 0.995728 0.8853685 0.8066928 0.6682093 0.7237451 0.5938056 0.4104664 0.1993592 0.2157351 
0.9149163 0.9134923 0.8661445 0.6507654 0.9102883 0.7693129 0.7721609 0.9305803 0.8999644 0.9074404 0.8711285 0.8561766 0.7981488 0.9038804 0.743681 0.5375578 0.6739053 0.8590246 0.6144536 0.7411891 0.6788893 0.740833 0.6539694 0.2392311 0.3656105 
0.4239943 0.4140263 0.3542186 0.6899253 0.8746885 0.9166963 0.7953008 0.9433962 0.8878605 0.8013528 0.8533286 0.7892488 0.9074404 0.9092203 0.7244571 0.8027768 0.7671769 0.8426486 0.8458526 0.8205767 0.8711285 0.7205411 0.6952652 0.3673905 0.3741545 
0.08116768 0.09184764 0.09220363 0.3289427 0.4862941 0.7639729 0.7098612 0.8348166 0.7953008 0.8180847 0.7995728 0.7159131 0.9277323 0.8800285 0.7055892 0.7009612 0.8832325 0.8810965 0.8604485 0.7910289 0.8454966 0.5108579 0.6607333 0.4852261 0.2983268 
0 0 0.01281595 0.04627981 0.256319 0 0.5386258 0.8932004 0.990032 0.9597722 0.8764685 0.8020648 0.9038804 0.7703809 0.8013528 0.6739053 0.6831613 0.7710929 0.755073 0.9166963 0.5713777 0.5856177 0.9373443 0.8508366 0.1790673 
0 0 0 0 0 0 0 0.7073691 0.4261303 0.6696333 0.7006052 0.9174083 0.9412602 0.511214 0.7059452 0.5756497 0.8860804 0.6856533 0.8561766 0.9441082 0.7867569 0.8561766 0.9045924 0.6187255 0.02171591 
0 0 0 0 0 0 0 0 0.5959416 0.4699181 0.6272695 0.7162691 0.7330011 0.4884301 0.3189747 0.3492346 0.751513 0.7023852 0.8230687 0.7750089 0.9700961 0.9483802 0.8501246 0.6650053 0.745817 
0 0 0 0 0 0 0 0 0 0 0.6621574 0.4389462 0.5991456 0.6906372 0.7315771 0.4595942 0.3018868 0.506586 0.8786045 0.9195443 0.9483802 0.7892488 0.9188323 0.6774653 0.6005696 
0 0 0 0 0 0 0 0 0 0 0 0.3923104 0.4314703 0.5347099 0.4873621 0.260947 0.2844429 0.3175507 0.3994304 0.7194731 0.9433962 0.5692417 0.6945532 0.9622642 0.8330367 
0 0 0 0 0 0 0 0 0 0 0 0.2157351 0.1623354 0.1715913 0.1993592 0.2089712 0.2744749 0.2353151 0.2182271 0.2666429 0.7045212 0.4389462 0.7102172 0.8786045 0.8259167 
0 0 0 0 0 0 0 0 0 0 0 0 0 0 0 0.008543965 0.00498398 0.05802777 0.1149875 0.1082236 0.3296547 0.249199 0.6867213 0.9184763 0.6023496 
0 0 0 0 0 0 0 0 0 0 0 0 0 0 0 0.002135991 0 0 0 0 0 0.07760769 0.3132787 0.3873264 0.6881452 
0 0 0 0 0 0 0 0 0 0 0 0 0 0 0 0 0 0 0 0 0 0 0.004627982 0.253827 0.4264863 
0 0 0 0 0 0 0 0 0 0 0 0 0 0 0 0 0 0 0 0 0 0 0.01530794 0.03132787 0.3389106 
0 0 0 0 0 0 0 0 0 0 0 0 0 0 0 0 0 0 0 0 0 0 0 0 0.04485582 
