washington_forestpercentcoverAB.asc
ncols         26
nrows         33
xllcorner     666751.9652
yllcorner     4178460.79
cellsize      1590
NODATA_value  -9999
0.8803845 0.8964044 0.8996084 0.8383766 0.8202207 1 0.9298683 0.8843005 0.997864 1 0.9658241 0.9088644 0.99822 0.8835885 0.7988608 0.7821289 0.8497686 0.9565682 0 0 0 0 0 0 0 0 
0.9202563 0.9352083 0.8618726 0.7219651 0.7846209 0.9298683 0.6621574 0.9401922 0.9245283 0.9419723 0.994304 0.9259523 0.8141688 0.9761481 0.9733001 0.9106444 0.9131364 0.9740121 0 0 0 0 0 0 0 0 
0.6443574 0.9562122 0.9433962 0.9013884 0.8629405 0.9102883 0.8291207 0.8462086 0.9017444 0.9704521 1 0.9665361 0.8611606 0.9199003 0.9768601 0.8148807 0.8319687 0.8867925 0.8227127 0 0 0 0 0 0 0 
0.8430046 1 0.9387683 0.8889285 0.9070843 0.8882164 0.8095407 0.9565682 0.8084728 0.9149163 0.9526522 0.9626201 0.9722321 0.9384122 0.8568886 0.6258455 0.7173371 0.8497686 0.6870772 0.6756853 0 0 0 0 0 0 
0.9181203 0.9665361 0.9615521 0.9021004 0.9223923 0.9587042 0.8675686 0.9793521 0.8301887 0.8775365 0.9718761 0.9202563 0.9252403 0.8070488 0.8120328 0.7689569 0.3353507 0.50267 0.8593805 0.8682805 0.9391242 0 0 0 0 0 
0.9017444 0.981488 0.9565682 0.739765 0.9163404 0.8490566 0.9455322 0.9793521 0.9366323 0.9711641 0.9587042 0.9487362 0.9337842 0.8223567 0.8009968 0.8707725 0.7960128 0.7433251 0.8205767 0.8326806 0.9384122 0.8031328 0 0 0 0 
0.9807761 0.988252 0.9718761 0.8063368 0.9711641 0.8255607 0.8978284 0.8454966 0.9149163 0.9544322 0.9362763 0.9124243 0.9750801 0.8551086 0.8504806 0.9238163 0.9611962 0.8590246 0.9038804 0.9284443 1 0.8419366 0.7842649 0 0 0 
0.9394802 0.8074048 0.8964044 0.9601282 0.993592 0.9547882 0.9398363 0.8323247 0.8746885 0.8622286 0.9448202 0.9288003 0.9366323 0.8476326 0.8654326 0.9473122 1 0.995016 0.9597722 0.8636525 0.9864721 0.8981844 0.8661445 0 0 0 
0.9622642 0.50267 0.6589534 0.8796725 0.9636881 0.8775365 0.7789249 0.9740121 0.9426842 0.8568886 0.8561766 0.9441082 0.9238163 0.8818085 0.9416162 0.9679601 0.9522962 0.9309363 0.8750445 0.8433606 0.6792453 0.7714489 0.9056604 0.5493058 0 0 
0.6877893 0.2253471 0.758633 0.9138483 0.9626201 0.9533642 0.9234603 1 0.9555002 0.9636881 0.9433962 0.9619082 0.9234603 0.9747241 0.987184 0.9704521 0.8996084 0.8682805 0.998576 0.9035244 0.7315771 0.8818085 0.8255607 0.755785 0.9725881 0 
0.7265931 0.6881452 0.9736561 0.9811321 0.9512282 0.9829121 0.9405482 0.9448202 0.9312923 0.9341403 0.8309007 0.8034888 0.9676041 1 0.9031684 0.8746885 0.7792809 0.9911 0.993948 0.8034888 0.9458882 0.9174083 0.8390886 0.8422926 0.741901 0 
0.6703453 0.741545 0.9526522 0.996084 1 0.999288 0.9590602 0.9127803 0.9191883 0.8907084 0.6981132 0.3616945 0.7109292 0.7963688 0.7205411 0.752581 0.9469562 0.9683161 0.9480242 0.6343895 0.9562122 0.9099324 0.7661089 0.8077608 0.8956924 0 
0.9569242 0.7443931 0.9231043 0.9722321 0.998576 1 0.9743681 0.9038804 0.8999644 0.9327163 0.6835173 0.5304379 0.7614809 0.750801 0.7041652 0.9490922 0.9590602 0.9298683 0.9476682 0.51691 0.8700605 0.9697401 0.7333571 0.7009612 0.8155928 0 
0.9405482 0.9401922 0.5532218 0.7949448 0.9131364 0.9736561 0.9597722 0.9433962 0.9430403 0.9455322 0.4855821 0.4499822 0.6447134 0.7187611 0.5421858 0.9266643 0.8729085 0.9323603 0.8743325 0.6269135 0.8786045 0.8070488 0.7315771 0.8273407 0.8333927 0 
0.9305803 0.990032 0.8558206 0.7205411 0.9608402 0.99288 0.9811321 0.9273763 0.8718405 0.8170167 0.7301531 0.7443931 0.3873264 0.5571378 0.5279459 0.8654326 0.8244927 0.9469562 0.7956568 0.6564614 0.8341047 0.7173371 0.8009968 0.8487006 0.9234603 0 
0.8583125 0.8921325 0.9729441 0.8946244 0.9049484 0.9619082 0.983624 0.8946244 0.9170523 0.9038804 0.7778569 0.6870772 0.8978284 0.5307939 0.3826985 0.6838732 0.8163047 0.9444642 0.7742969 0.8618726 0.9245283 0.7985048 0.8291207 0.8469206 0.7970808 0 
0.8985404 0.9177643 0.9615521 0.8999644 0.8113208 0.9305803 0.9797081 0.9462442 0.9672481 0.9498042 0.5980776 0.3713065 0.6087576 0.8476326 0.6785333 0.7956568 0.6222855 0.5439658 0.8647205 0.8536846 0.9166963 0.8946244 0.9102883 0.9394802 0.9366323 0 
0.9220363 0.8789605 0.8241367 0.8636525 0.9063724 0.8885725 0.9045924 0.9611962 0.9451762 0.8932004 0.6582414 0.7817729 0.5916696 0.6429334 0.6564614 0.8362406 0.7668209 0.3378426 0.5930936 0.7753649 0.8273407 0.7618369 0.9601282 0.9608402 0.7771449 0 
0.9181203 0.8405126 0.9149163 0.8358846 0.8864365 0.8586686 0.8462086 0.8928444 0.8138127 0.7354931 0.7678889 0.995016 0.9558562 0.9255963 0.9377003 0.9227483 0.5485938 0.3823425 0.4300463 0.6133856 0.6447134 0.6087576 0.8935564 0.764329 0.8034888 0 
0.757565 0.9793521 0.9409043 0.8917764 0.8786045 0.9138483 0.988964 0.9099324 0.8729085 0.8889285 0.6518334 0.8273407 0.8810965 0.9576362 0.9433962 0.8398007 0.6746173 0.5770737 0.4044144 0.8540406 0.501246 0.6454254 0.8960484 0.9302243 0.9498042 0 
0.8362406 0.9384122 0.9145603 0.8711285 0.8519046 0.8754005 0.7753649 0.7636169 0.9401922 0.9312923 0.758989 0.7319331 0.7913848 0.8529726 0.8707725 0.8234247 0.8935564 0.9159843 0.4471342 0.7411891 0.6407974 0.4695621 0.8184407 0.9483802 0.7358491 0 
0.6404414 0.7023852 0.7792809 0.7066572 0.6536134 0.6674973 0.9255963 0.8561766 0.8875045 0.7981488 0.7920969 0.8729085 0.6600214 0.8899965 0.9907441 0.8205767 0.8152367 0.8714845 0.6721253 0.7561409 0.8526166 0.6828052 0.6817372 0.7034532 0.9337842 0.6653613 
0.9355643 0.7629049 0.9441082 0.9519402 0.9067284 0.9508722 0.9512282 0.8971164 0.7974368 0.8113208 0.8462086 0.990032 0.8458526 0.9110004 0.8547526 0.9045924 0.8504806 0.9199003 0.8230687 0.9352083 0.9209683 0.488074 0.755785 0.6400855 0.6197935 0.7981488 
0.8583125 0.7686009 0.8131008 0.8629405 0.8679245 0.9209683 0.9277323 0.8568886 0.9494482 0.7874689 0.8771805 0.9391242 0.8006408 0.8654326 0.6632254 0.9405482 0.9839801 0.8736205 0.8205767 0.747953 0.6496974 0.6091136 0.4663581 0.8871484 0.6084015 0.4862941 
0.8138127 0.9320043 0.8084728 0.7721609 0.9266643 0.995016 0.9811321 0.9490922 0.9733001 0.9594162 0.8878605 0.8935564 0.8462086 0.7842649 0.9302243 0.9690281 0.9654681 0.9615521 0.9547882 0.6240655 0.8063368 0.6336775 0.505874 0.8882164 0.4752581 0.8380206 
0.8301887 0.8422926 0.6532574 0.8454966 0.6984692 0.9544322 0.9455322 0.8903524 0.9391242 0.8903524 0.9334283 0.8985404 0.8433606 0.9640442 0.9850481 0.9611962 0.987896 0.9708081 0.8504806 0.8447846 0.9373443 0.8045568 0.8220007 0.7892488 0.6682093 0.8373086 
0.5382698 0.8896405 0.8729085 0.8355287 0.8070488 0.8412246 0.8825205 0.9309363 0.9063724 0.8992524 0.8960484 0.9245283 0.9270203 0.9740121 1 0.9579922 0.9807761 0.988252 0.8316126 0.6728373 0.7265931 0.9238163 0.6628693 0.6365255 0.5720897 0.8287647 
0.7105731 0.8786045 0.7098612 0.7038092 0.9095764 0.8825205 0.8554646 0.8700605 0.8284087 0.8657885 0.8116767 0.9152724 0.9896761 1 0.9444642 0.512282 0.9134923 0.9633322 0.8341047 0.6504094 0.5525098 0.7604129 0.7319331 0.5902457 0.6418654 0.6326095 
0.8454966 0.753293 0.7789249 0.749733 0.9134923 0.9038804 0.8718405 0.8914204 0.9131364 0.7301531 0.8786045 0.8967604 0.8853685 0.8543966 0.5087219 0.240299 0.3588466 0.3898184 0.265931 0.6824493 0.7885368 0.5357779 0.9405482 0.5311499 0.6931292 0.489854 
0.7867569 0.7938768 0.8896405 0.8237807 0.754717 0.8276967 0.8618726 0.8447846 0.8853685 0.9359202 0.8223567 0.6496974 0.3328587 0.1851193 0.05767177 0.1334995 0.2306871 0.509434 0.2043432 0.1908152 0.7807049 0.7821289 0.7789249 0.7159131 0.4713421 0.500534 
0.6895692 0.9102883 0.8405126 0.6909932 0.6995372 0.7807049 0.8515486 0.8458526 0.9487362 0.9473122 0.740833 0.4813101 0.4595942 0.3567106 0.3577786 0.3684585 0.4086864 0.5671057 0.2260591 0.4763261 0.499466 0.9095764 0.8711285 0.8917764 0.5414738 0.5461018 
0.8070488 0.8871484 0.7821289 0.7625489 0.9142044 0.8572446 0.7803489 0.9807761 1 0.9519402 0.9775721 0.8743325 0.6774653 0.3727305 0.6454254 0.4325383 0.488074 0.4321823 0.3987184 0.2702029 0.6276255 0.7023852 0.6906372 0.8932004 0.8956924 0.8604485 
0.9085084 0.8917764 0.8195087 0.8476326 0.9377003 0.9295123 0.8835885 0.7775009 0.8665006 0.9266643 0.8896405 0.6771093 0.5507298 0.5347099 0.5703097 0.9437522 0.505518 0.3463866 0.1737273 0.7369171 0.9280883 0.9576362 0.9661801 0.8821645 0.8355287 0.7144892 
